0.997912,0.00208626,1.41472e-06
0.998231,0.00158121,0.000188138
0.988479,0.011239,0.000282389
0.0255336,0.974421,4.55742e-05
0.64336,0.354835,0.00180548
0.117324,0.882604,7.25557e-05
0.99853,0.0014434,2.64949e-05
0.513675,0.486167,0.000157569
0.0169015,0.970991,0.0121072
0.0349601,0.950848,0.0141918
0.0294491,0.96703,0.00352141
0.170569,0.823813,0.00561791
0.998688,0.0010975,0.000214889
0.999077,0.000773897,0.00014869
1,9.99998e-08,5.01375e-08
0.999982,1.4866e-05,3.15008e-06
0.965604,0.0309377,0.00345837
1,1e-07,5e-08
1,1e-07,5.00003e-08
1,9.95472e-08,7.85034e-08
0.999707,1.34161e-07,0.000292916
0.99998,6.36615e-08,1.95446e-05
0.999999,9.90927e-08,1.10762e-06
1,1e-07,5e-08
0.999988,1.0715e-07,1.17415e-05
0.997409,2.2875e-05,0.00256832
0.746494,0.0269675,0.226539
0.100092,6.37836e-05,0.899844
0.0900925,0.000464671,0.909443
0.938876,2.43253e-06,0.0611218
0.820161,7.3295e-05,0.179766
0.816011,8.42364e-05,0.183905
0.231761,0.000869394,0.76737
0.97496,0.000283009,0.0247567
0.995739,9.96289e-06,0.00425115
0.998198,0.0003848,0.00141755
0.999925,1.8436e-05,5.70025e-05
0.999799,5.98087e-05,0.000140878
0.991919,0.00561751,0.00246331
0.094448,0.882245,0.0233067
0.677848,0.111862,0.21029
0.828662,0.0354904,0.135848
0.995634,4.37864e-05,0.00432247
0.982927,0.000144761,0.016928
0.997296,1.49186e-05,0.00268871
0.999732,3.85438e-07,0.000267674
0.999744,0.000104235,0.000151576
0.165783,0.815916,0.0183011
0.00937481,0.953555,0.0370701
0.0270201,0.965456,0.00752365
0.0162769,0.981865,0.00185802
0.427288,0.281425,0.291287
0.0297494,0.964567,0.00568309
0.998721,0.00117898,9.98766e-05
0.999996,2.27212e-06,1.72206e-06
0.999997,5.60622e-07,2.25685e-06
1,1e-07,5e-08
1,1e-07,5e-08
0.018941,0.981059,7.76971e-08
0.989637,0.0103626,1.18372e-07
0.544266,0.455622,0.000112563
1,1e-07,5.00003e-08
0.999998,1.00015e-07,1.93544e-06
0.934919,0.0650667,1.46333e-05
0.999567,0.000208906,0.000223717
0.831741,0.0685509,0.0997077
0.997001,0.000245168,0.00275423
0.999965,1.03347e-05,2.41838e-05
0.999292,0.000693429,1.44564e-05
0.986336,0.0133126,0.000351687
0.0351745,0.839514,0.125312
0.0093996,0.317452,0.673148
0.139797,0.525231,0.334971
5.64594e-05,0.991969,0.00797445
0.00921597,0.990033,0.000751229
0.396149,0.510956,0.0928951
0.991338,0.000304319,0.00835792
0.994486,0.000480599,0.00503362
0.516377,0.479441,0.00418248
0.999272,0.000575814,0.000151975
0.999943,1.12813e-07,5.66203e-05
0.999821,1.33132e-06,0.000177707
0.999272,0.000716635,1.16158e-05
0.988922,0.0110146,6.34191e-05
0.94366,0.0110867,0.0452535
0.138236,0.296472,0.565292
0.56803,0.119153,0.312817
0.105817,0.379509,0.514674
0.952083,0.0392263,0.00869107
0.991543,0.000299041,0.00815785
0.998778,0.00110506,0.000116546
0.99819,0.00173819,7.20772e-05
0.996592,0.00278179,0.000626251
0.998754,0.000963717,0.000282087
0.0033154,0.996673,1.1307e-05
0.022563,0.975653,0.00178406
0.803478,0.1963,0.000221864
0.994819,0.00124432,0.00393621
0.887421,0.110764,0.00181428
0.631277,0.368271,0.00045243
0.0723033,0.927542,0.000154475
0.0306766,0.969243,8.07991e-05
0.518456,0.480145,0.00139922
0.99611,0.00361069,0.000279517
0.597061,0.402831,0.000108106
0.195803,0.774377,0.02982
0.836406,0.00408062,0.159514
0.977721,0.00153476,0.0207438
0.940627,0.00982842,0.0495444
0.638463,0.0330125,0.328525
0.0405092,0.751755,0.207736
0.986071,0.0110425,0.00288612
0.999371,0.000530246,9.82645e-05
0.998701,2.92048e-05,0.00126994
0.69872,0.30109,0.000190759
0.994785,0.00515342,6.1376e-05
0.994177,0.00580217,2.04946e-05
0.99319,0.00680548,4.12972e-06
0.0123186,0.987681,2.06328e-07
0.0776458,0.922305,4.89476e-05
3.10081e-07,0.999972,2.77466e-05
0.00291029,0.996565,0.000524558
8.48335e-07,0.999405,0.000594012
0.0370569,0.962825,0.000117837
0.201512,0.791954,0.00653391
0.999727,0.000143786,0.000129377
0.292456,0.707506,3.84111e-05
0.984659,0.0145052,0.000836112
0.111153,0.888628,0.000218813
0.677761,0.322067,0.000172163
0.976533,0.0231575,0.000309711
0.999818,6.35198e-05,0.000118453
0.996624,0.00334496,3.11193e-05
0.998523,5.5519e-05,0.0014218
0.995997,0.00365104,0.000352304
0.999899,3.13719e-06,9.79658e-05
0.999982,1.44499e-06,1.65698e-05
0.998187,0.00172391,8.95742e-05
0.0249467,0.97498,7.29763e-05
0.500713,0.254263,0.245024
0.15059,0.815015,0.0343947
0.254425,0.337621,0.407954
0.0131157,0.98683,5.41081e-05
0.902695,0.0969958,0.000309164
0.166793,0.833147,6.01909e-05
0.00842734,0.991572,1.69889e-07
0.614788,0.385146,6.6002e-05
0.291337,0.70844,0.000223491
0.19505,0.802409,0.00254049
0.891809,0.103737,0.004454
0.998913,0.000435433,0.000651467
0.969793,0.0295576,0.00064971
1.46783e-07,1,2.07942e-07
0.999991,9.17233e-06,5e-08
1,1e-07,5e-08
1,1e-07,1.76702e-07
0.999935,8.60961e-08,6.53094e-05
0.999942,6.24702e-08,5.76609e-05
1,1e-07,5.00001e-08
1,1e-07,5e-08
1,1e-07,5e-08
1,1e-07,5.01675e-08
0.999994,6.03891e-06,5e-08
0.0286352,0.969752,0.00161293
0.960381,0.0395309,8.76533e-05
0.270301,0.426819,0.30288
0.101963,0.0238091,0.874228
0.00182119,1.06331e-05,0.998168
0.000299126,0.990538,0.00916331
1.48372e-06,0.999383,0.000615841
0.098104,0.812977,0.0889195
0.0515027,0.000117463,0.94838
1.81573e-06,2.17838e-06,0.999996
2.00001e-14,1,5.00002e-08
3.22516e-06,0.999085,0.000912237
1.0564e-07,1.26715e-07,1
0.612667,0.13402,0.253313
0.146333,0.232125,0.621542
0.13048,0.046193,0.823327
0.999961,3.69254e-05,1.61534e-06
0.999179,0.000821237,5.00006e-08
0.087146,0.912846,7.53401e-06
6.86698e-07,0.999999,3.92372e-07
0.999997,3.37176e-06,5e-08
0.976922,0.0230511,2.72186e-05
0.990137,0.00986249,6.59184e-07
1.52291e-08,0.999894,0.000105761
0.9879,0.0068809,0.00521915
0.0959222,0.102407,0.801671
2.78666e-06,3.341e-06,0.999994
0.0126154,0.00115147,0.986233
0.790122,0.00363604,0.206242
5.15746e-06,6.13942e-06,0.999989
0.182719,0.0412798,0.776001
0.0178464,0.0623305,0.919823
4.10597e-11,4.92712e-11,1
0.0179734,0.0204825,0.961544
0.00501928,0.200753,0.794228
0.000377019,0.00731636,0.992307
2.44514e-06,0.998379,0.00161811
2.9671e-12,1,1.8941e-07
0.000544128,0.974976,0.0244798
0.00875859,0.249033,0.742208
0.000108027,0.993024,0.00686764
8.63413e-11,1,5.08065e-08
1.37852e-11,1,5.00322e-08
9.67368e-12,1,6.57552e-08
9.13008e-08,1,2.85607e-07
0.0221813,0.969061,0.00875793
0.702534,0.251816,0.0456506
0.000511857,0.975138,0.0243504
0.229938,0.307486,0.462577
0.0100934,0.388367,0.601539
4.10816e-06,0.998499,0.00149724
7.3517e-06,0.998582,0.00141072
8.11365e-07,0.99922,0.00077912
0.000514006,0.214161,0.785325
0.0100419,0.148446,0.841512
7.21348e-10,0.999971,2.87414e-05
0.384369,0.509677,0.105954
0.0777592,0.90144,0.020801
0.050055,0.0323748,0.91757
0.484199,0.121838,0.393962
0.999962,1.88536e-06,3.61386e-05
0.828576,0.0380618,0.133362
0.958488,0.0162612,0.0252505
0.981062,0.00750258,0.011435
0.912702,0.0494302,0.0378675
0.0232494,0.0109731,0.965777
0.00661745,0.0268815,0.966501
0.0376652,0.00717108,0.955164
0.999991,5.55377e-06,3.17709e-06
0.960778,0.00400947,0.0352125
0.650407,0.344062,0.00553103
0.00204732,0.997949,4.1588e-06
5.6624e-07,0.999996,3.92747e-06
1.99045e-08,1,5.99481e-08
0.996637,0.00266974,0.000693691
0.161337,0.783668,0.0549958
0.188574,0.718828,0.0925975
0.000926752,0.99891,0.000163212
1.93393e-07,0.999527,0.00047314
0.0161751,0.277292,0.706533
0.00412044,0.835011,0.160869
0.0085865,0.553728,0.437686
0.00101569,0.93249,0.0664942
0.00269244,0.996734,0.000573926
1.11183e-08,0.999983,1.65971e-05
2.66001e-10,0.999985,1.50093e-05
0.00891709,0.78927,0.201812
0.776492,0.218957,0.00455135
0.795139,0.0883245,0.116536
0.896378,0.0675042,0.0361173
0.0258176,0.2071,0.767083
0.000799775,0.720419,0.278781
0.000980506,0.0369807,0.962039
0.000204196,0.328464,0.671332
0.000840385,0.00532742,0.993832
0.0246126,0.0305804,0.944807
0.0019029,0.14285,0.855247
0.00208947,0.971255,0.026656
0.0184134,0.981428,0.00015857
2.75149e-09,0.999967,3.32892e-05
0.0505502,0.938535,0.0109149
0.999549,0.000278301,0.000172991
0.999973,1.02948e-07,2.71631e-05
0.996393,0.00339716,0.000210091
0.879733,0.0204866,0.0997801
0.981578,0.00117902,0.017243
0.56773,0.401797,0.030473
0.00291804,0.792534,0.204548
0.00888583,0.989876,0.00123779
0.000484556,0.974704,0.0248116
0.000153339,0.986062,0.013785
9.1472e-05,0.96525,0.0346588
1.93606e-06,2.32751e-06,0.999996
0.000138706,0.987224,0.0126377
0.00101475,0.803284,0.195702
0.257496,0.140836,0.601668
1.36114e-07,0.999719,0.0002808
0.930418,0.00910909,0.0604725
0.0281783,0.547673,0.424149
0.01847,0.98139,0.000139555
0.00202675,0.997969,4.71828e-06
0.19761,0.521407,0.280983
0.0380556,0.926338,0.0356065
0.0069469,0.00722035,0.985833
0.000233926,0.937477,0.0622892
2.94782e-07,3.54034e-07,0.999999
0.805843,0.0462216,0.147936
0.672115,0.325135,0.00275057
0.974576,0.00235434,0.0230699
0.994493,0.000225678,0.00528161
0.251759,0.662037,0.0862044
0.00135957,0.947212,0.0514285
6.95135e-12,0.999999,5.51943e-07
1.53353e-09,0.999999,1.43882e-06
0.0151174,0.918916,0.0659664
0.0350117,0.0813025,0.883686
0.0185644,0.96446,0.0169759
0.00022287,0.0977421,0.902035
0.000143944,0.986531,0.0133247
4.35571e-07,0.99929,0.000709886
0.0134658,0.350072,0.636462
0.00192245,0.997124,0.000953423
2.23062e-10,1,5.5591e-08
3.39488e-11,0.999995,5.23391e-06
2.10778e-14,1,5.25235e-08
1.85139e-11,0.999998,2.20342e-06
4.67502e-10,0.999989,1.08695e-05
0.991197,0.00863205,0.00017127
0.739182,0.260801,1.71128e-05
0.650005,0.225216,0.124779
0.721403,0.116436,0.162161
0.296092,0.674662,0.029246
0.00571042,0.0741933,0.920096
0.0771255,0.905838,0.0170364
1.78524e-05,0.99535,0.00463191
1.92319e-06,0.999014,0.000983611
8.83359e-05,0.00297099,0.996941
2.07566e-14,1,5.17491e-08
2.40577e-06,0.99915,0.000847314
0.0719748,0.675758,0.252267
0.159774,0.00155022,0.838676
0.00332559,6.98826e-05,0.996605
0.0212473,0.00105996,0.977693
0.000561499,0.0228401,0.976598
0.013486,0.911185,0.0753295
0.000124315,0.988122,0.011754
0.000522762,0.973619,0.0258585
2.25396e-05,0.120385,0.879593
1.46011e-06,0.998684,0.001315
1.38959e-08,0.999872,0.000128238
2.70561e-08,0.999996,4.09262e-06
2.97143e-11,1,5.13564e-08
0.248229,0.680554,0.071217
0.0163448,0.00167172,0.981983
0.997672,1.66198e-05,0.00231089
0.999997,1.00024e-07,2.46518e-06
0.999982,1.01237e-07,1.76052e-05
0.999612,4.74981e-07,0.000387992
0.998952,1.41921e-06,0.00104679
0.999987,7.36391e-06,5.53064e-06
1.31547e-06,1.23011e-06,0.999997
0.00241285,0.000512105,0.997075
0.0339816,0.230311,0.735707
0.00213717,8.46019e-05,0.997778
1.58148e-08,1.89812e-08,1
0.000509098,0.0333614,0.96613
0.00158611,0.144157,0.854256
0.138567,0.861105,0.000327303
0.704601,0.176957,0.118442
0.999995,1.12449e-07,4.6464e-06
2.50933e-07,0.99979,0.000209296
0.977173,0.000674118,0.0221524
0.768054,0.16852,0.0634265
0.999935,5.21637e-08,6.48036e-05
0.998372,1.40049e-06,0.00162632
0.999949,5.12807e-08,5.06657e-05
0.999989,5.22172e-08,1.07407e-05
0.999076,5.55552e-07,0.000923763
1,1.88262e-07,3.00625e-07
0.999377,0.000604741,1.82702e-05
0.234903,0.110341,0.654757
4.08769e-08,4.90359e-08,1
4.72709e-07,5.66712e-07,0.999999
5.91042e-09,2.95478e-09,1
2.67817e-14,3.08037e-14,1
3.34433e-14,1.67904e-14,1
4.83832e-13,2.47701e-13,1
3.64116e-12,3.9727e-12,1
0.0038228,3.38296e-05,0.996143
0.00219346,0.000456803,0.99735
0.00445422,3.99278e-05,0.995506
9.52423e-10,1.14276e-09,1
2.98375e-11,3.58044e-11,1
1.53544e-07,1.84355e-07,1
2.52513e-08,1.26246e-08,1
2.08624e-10,1.39165e-10,1
3.00535e-06,1.49775e-06,0.999995
2.54138e-13,3.04964e-13,1
2.44186e-14,2.93023e-14,1
2.4422e-14,2.93047e-14,1
2.44186e-14,2.93023e-14,1
2.44186e-14,2.93023e-14,1
2.44186e-14,2.93023e-14,1
6.94811e-11,8.33783e-11,1
1.53185e-08,1.83795e-08,1
4.38129e-09,5.25714e-09,1
0.00745804,0.000390781,0.992151
0.00113976,0.00157306,0.997287
0.00208888,0.000447594,0.997464
0.126829,0.0732813,0.79989
0.00218737,0.000252394,0.99756
0.00137268,1.88014e-05,0.998609
5.3231e-07,6.38197e-07,0.999999
3.28742e-09,3.94463e-09,1
6.65837e-12,7.99004e-12,1
2.40601e-11,2.8872e-11,1
5.17252e-10,6.20721e-10,1
2.00802e-08,2.41014e-08,1
2.7554e-08,3.30725e-08,1
3.01829e-05,0.993903,0.00606682
3.14807e-06,0.747872,0.252125
2.08818e-07,0.999499,0.000500616
3.3742e-07,4.05268e-07,0.999999
9.67681e-05,0.0117828,0.98812
2.22231e-09,2.66683e-09,1
0.000530437,0.0172834,0.982186
0.00208611,0.00279125,0.995123
2.98671e-09,0.999997,2.6085e-06
0.000551296,0.97373,0.0257183
0.0748306,0.235557,0.689612
0.0199916,0.504705,0.475304
0.00514796,0.00451217,0.99034
2.60664e-10,3.12515e-10,1
0.0022088,4.53916e-05,0.997746
7.66076e-08,8.4318e-08,1
0.1048,0.0248532,0.870346
0.0378728,0.00881685,0.95331
0.241738,0.371598,0.386663
7.68094e-12,4.17901e-12,1
3.86741e-14,2.78524e-14,1
7.18536e-14,8.6116e-14,1
2.44239e-14,2.9306e-14,1
2.44494e-14,2.93238e-14,1
0.00285934,2.95478e-05,0.997111
4.93547e-11,5.92252e-11,1
8.52664e-09,1.0231e-08,1
0.0350909,0.00243647,0.962473
2.66668e-06,3.19362e-06,0.999994
3.27135e-13,3.92561e-13,1
1.88154e-08,2.25735e-08,1
4.47082e-11,5.36488e-11,1
5.21757e-09,6.26177e-09,1
0.00296557,0.0959783,0.901056
0.133612,0.037245,0.829143
0.315408,0.0012654,0.683326
4.0536e-10,4.86436e-10,1
2.44186e-14,2.93023e-14,1
3.41045e-07,4.09593e-07,0.999999
3.12963e-10,3.75552e-10,1
1.08298e-11,1.29957e-11,1
2.44186e-14,2.93023e-14,1
2.44186e-14,2.93023e-14,1
0.000217674,0.114337,0.885445
0.000679448,0.969719,0.0296011
4.28578e-11,0.999995,4.61152e-06
0.000992205,0.577666,0.421342
6.78087e-06,0.99722,0.00277311
6.3269e-11,7.5922e-11,1
3.61064e-11,4.33274e-11,1
2.07454e-12,2.48944e-12,1
2.44186e-14,2.93023e-14,1
2.33601e-10,2.80328e-10,1
2.44186e-14,2.93023e-14,1
1.41013e-13,1.69215e-13,1
0.000547512,0.152793,0.846659
1.37206e-08,7.28446e-09,1
0.00379966,0.00521301,0.990987
0.00283853,3.27002e-05,0.997129
9.68919e-08,1.16231e-07,1
2.3718e-08,2.84562e-08,1
0.818721,0.0516032,0.129675
0.00143978,0.990376,0.00818386
0.00119278,0.00189467,0.996913
0.000148916,0.00878042,0.991071
7.09517e-07,8.52531e-07,0.999998
3.55526e-08,4.26751e-08,1
3.37445e-11,4.04933e-11,1
1.35393e-09,1.62481e-09,1
2.28422e-07,2.73949e-07,0.999999
0.0496999,0.40306,0.54724
0.00797178,0.182109,0.809919
7.32805e-06,0.00202285,0.99797
0.00232249,0.0203885,0.977289
2.61444e-05,0.00708103,0.992893
2.01353e-09,2.41619e-09,1
8.98959e-11,1.07877e-10,1
1.22508e-07,1.47089e-07,1
2.66732e-13,3.20079e-13,1
1.15579e-13,1.38695e-13,1
2.30571e-08,2.76634e-08,1
1.71213e-10,2.05451e-10,1
3.65359e-13,4.3843e-13,1
4.4457e-12,5.33485e-12,1
1.1393e-10,1.36714e-10,1
5.07303e-13,6.08763e-13,1
7.407e-10,8.88877e-10,1
0.000724289,0.409321,0.589954
1.62944e-10,1.95535e-10,1
4.97433e-05,0.0101088,0.989841
7.60935e-11,9.12913e-11,1
3.72036e-09,2.45272e-09,1
9.0505e-09,1.08178e-08,1
0.0545045,0.0145823,0.930913
0.00507534,0.47868,0.516244
0.00123629,0.0081364,0.990627
1.13582e-08,1.3632e-08,1
3.8261e-07,4.59561e-07,0.999999
2.57499e-10,3.08994e-10,1
8.1777e-13,9.81323e-13,1
2.44186e-14,2.93023e-14,1
1.95065e-12,2.34077e-12,1
1.71099e-07,2.05442e-07,1
0.000232584,0.155671,0.844096
4.02502e-08,0.99978,0.000219741
0.000201314,0.87567,0.124128
3.48497e-05,0.00287581,0.997089
4.60951e-14,5.53141e-14,1
5.28298e-05,0.00975631,0.990191
0.000190646,0.00327523,0.996534
0.00748611,0.0468936,0.94562
0.000925074,0.857584,0.141491
0.00126924,0.0375812,0.96115
0.000198867,0.0180368,0.981764
0.00571855,0.000572529,0.993709
1.23979e-07,1.48846e-07,1
3.97011e-05,0.00319529,0.996765
0.000131215,0.00787364,0.991995
8.54702e-07,1.02448e-06,0.999998
2.5381e-13,3.04572e-13,1
9.34119e-14,1.12094e-13,1
2.44186e-14,2.93024e-14,1
2.44186e-14,2.93023e-14,1
2.44186e-14,2.93023e-14,1
2.44186e-14,2.93023e-14,1
1.47408e-13,1.7689e-13,1
0.00954372,0.00018042,0.990276
0.0340335,0.00243037,0.963536
1.72507e-11,2.07008e-11,1
2.64647e-14,3.17576e-14,1
1.03744e-11,1.24494e-11,1
4.40489e-05,0.186447,0.813509
1.28142e-08,1.53797e-08,1
3.21904e-13,3.86285e-13,1
5.06822e-13,6.08186e-13,1
3.64818e-10,4.37771e-10,1
2.45371e-08,2.94395e-08,1
0.000109383,0.00178341,0.998107
6.6619e-11,7.99427e-11,1
2.5699e-06,3.09145e-06,0.999994
1.16785e-11,1.40141e-11,1
3.15769e-14,3.78923e-14,1
5.33623e-14,6.39581e-14,1
2.44186e-14,2.93023e-14,1
2.44187e-14,2.93024e-14,1
5.08247e-14,6.09609e-14,1
1.35786e-12,1.62943e-12,1
2.44289e-14,2.93095e-14,1
1.09078e-07,7.19342e-08,1
0.00347816,0.000256631,0.996265
0.0603109,0.000721767,0.938967
0.00234384,0.000204629,0.997452
0.000661508,0.817584,0.181754
1.18208e-05,0.108529,0.891459
6.66362e-08,0.999717,0.000282855
1.4058e-06,1.69006e-06,0.999997
2.92741e-10,3.51298e-10,1
9.82213e-05,0.892246,0.107656
6.12739e-05,0.222567,0.777372
0.000807675,0.0449967,0.954196
3.50829e-05,0.61951,0.380455
2.24769e-05,0.00681103,0.993166
2.10199e-05,0.00658235,0.993397
6.07069e-11,7.28492e-11,1
7.22601e-13,8.67121e-13,1
1.82338e-09,2.18798e-09,1
1.18239e-09,1.41881e-09,1
3.06865e-09,3.68213e-09,1
4.43707e-12,5.32447e-12,1
0.00059227,0.0366053,0.962802
9.34207e-08,1.12063e-07,1
2.00391e-12,2.40463e-12,1
2.44187e-14,2.93024e-14,1
2.44186e-14,2.93023e-14,1
2.44186e-14,2.93023e-14,1
7.17892e-10,8.61505e-10,1
0.000399879,0.285084,0.714516
2.98069e-05,0.923496,0.0764744
2.04015e-11,2.4482e-11,1
1.77461e-12,2.12954e-12,1
2.44186e-14,2.93023e-14,1
2.44186e-14,2.93023e-14,1
0.00178034,6.55975e-06,0.998213
4.5554e-12,5.46647e-12,1
2.2104e-10,2.65236e-10,1
1.01207e-12,1.21449e-12,1
2.78694e-12,1.68969e-12,1
5.67263e-12,5.8495e-12,1
1.24036e-11,6.23105e-12,1
3.72812e-12,4.47371e-12,1
3.39948e-10,4.07928e-10,1
1.58466e-07,1.90083e-07,1
2.85082e-09,3.42076e-09,1
7.98361e-09,9.57942e-09,1
1.91007e-12,2.29208e-12,1
6.02727e-05,0.213938,0.786002
8.74019e-06,0.0034519,0.996539
5.40609e-07,6.49321e-07,0.999999
4.84201e-11,5.81047e-11,1
1.37016e-13,1.6442e-13,1
1.83335e-10,2.20004e-10,1
1.09175e-09,1.31006e-09,1
1.99203e-07,2.39143e-07,1
2.44187e-14,2.93024e-14,1
2.44186e-14,2.93023e-14,1
2.44186e-14,2.93023e-14,1
2.44186e-14,2.93023e-14,1
2.44186e-14,2.93023e-14,1
2.44186e-14,2.93023e-14,1
2.44186e-14,2.93023e-14,1
3.98788e-10,4.78561e-10,1
0.000678631,0.969963,0.0293585
8.85329e-07,0.998968,0.00103159
0.000469986,0.975556,0.023974
8.04998e-05,0.961968,0.0379519
0.000279534,0.00328531,0.996435
0.000134473,0.0127475,0.987118
2.2847e-11,2.74164e-11,1
1.94238e-12,2.33085e-12,1
1.27723e-12,1.53267e-12,1
3.07538e-09,3.69021e-09,1
4.07001e-14,4.88401e-14,1
6.08724e-12,7.30468e-12,1
4.39649e-13,5.27579e-13,1
9.00893e-13,1.08107e-12,1
2.44186e-14,2.93023e-14,1
2.05364e-11,2.46439e-11,1
3.55594e-13,4.26712e-13,1
0.000265876,0.0245066,0.975228
1.57282e-09,1.8875e-09,1
2.44186e-14,2.93023e-14,1
2.44186e-14,2.93023e-14,1
2.44186e-14,2.93023e-14,1
9.22185e-08,1.10713e-07,1
4.70016e-12,5.64018e-12,1
4.18305e-09,5.02015e-09,1
0.000138673,0.00223438,0.997627
0.000124007,0.0583634,0.941513
8.73085e-05,0.0032642,0.996648
2.47079e-07,2.9643e-07,0.999999
0.00911131,0.227292,0.763597
0.0146317,0.658208,0.32716
1.27934e-08,1.53546e-08,1
0.000119983,0.487,0.51288
0.000122529,0.244823,0.755055
6.89715e-05,0.226764,0.773167
9.98097e-05,0.0146471,0.985253
2.30828e-10,2.77001e-10,1
1.07682e-10,1.2922e-10,1
2.85111e-10,3.42131e-10,1
3.55202e-12,4.26243e-12,1
2.27187e-08,2.72668e-08,1
1.44297e-09,1.67472e-09,1
4.18584e-12,5.023e-12,1
4.96456e-08,5.95953e-08,1
1.49048e-08,1.78885e-08,1
0.00725344,0.0242432,0.968503
1.07921e-08,1.29526e-08,1
7.60759e-12,9.12895e-12,1
2.44186e-14,2.93023e-14,1
2.44186e-14,2.93023e-14,1
2.44186e-14,2.93023e-14,1
2.44186e-14,2.93023e-14,1
2.44186e-14,2.93023e-14,1
1.15042e-11,1.38051e-11,1
4.65285e-09,5.58401e-09,1
1.9519e-05,0.0061932,0.993787
1.97257e-06,2.36276e-06,0.999996
0.832165,0.0748921,0.0929429
0.602067,0.00177256,0.39616
0.0101372,0.00213456,0.987728
0.000418374,0.988823,0.0107586
5.15228e-09,6.18314e-09,1
0.000748977,0.208676,0.790575
2.01739e-07,2.42255e-07,1
0.000366546,0.978429,0.0212046
1.35934e-05,0.062066,0.93792
5.32781e-09,5.97224e-09,1
3.46858e-12,4.16229e-12,1
5.00916e-14,6.00878e-14,1
9.68542e-11,1.16223e-10,1
2.5669e-10,3.08022e-10,1
2.44187e-14,2.93024e-14,1
2.22723e-07,2.50416e-07,1
4.02679e-09,4.83254e-09,1
1.41176e-13,1.69411e-13,1
2.44186e-14,2.93023e-14,1
2.44186e-14,2.93023e-14,1
2.40422e-10,2.88513e-10,1
2.44186e-14,2.93023e-14,1
4.16233e-09,4.99517e-09,1
2.44186e-14,2.93023e-14,1
2.44186e-14,2.93023e-14,1
2.44186e-14,2.93023e-14,1
2.43438e-11,2.92116e-11,1
1.197e-10,1.43637e-10,1
0.00254896,0.000956974,0.996494
3.23995e-13,3.8876e-13,1
4.94136e-05,0.167445,0.832505
2.44186e-14,2.93023e-14,1
2.44186e-14,2.93023e-14,1
2.44186e-14,2.93023e-14,1
2.44186e-14,2.93023e-14,1
1.75675e-10,2.10806e-10,1
8.02893e-11,9.61541e-11,1
1.34122e-13,1.60946e-13,1
2.5673e-09,3.06408e-09,1
0.000213626,0.0197351,0.980051
0.000132683,0.0169877,0.98288
2.34757e-08,2.81775e-08,1
0.000468965,0.0332769,0.966254
2.14915e-06,0.962171,0.0378268
0.000770968,0.0434724,0.955757
0.00186666,0.00416658,0.993967
9.51809e-09,1.14204e-08,1
1.06733e-08,1.28064e-08,1
8.37574e-07,1.00395e-06,0.999998
1.50721e-07,1.8079e-07,1
1.08282e-08,1.29938e-08,1
1.89592e-06,2.27968e-06,0.999996
1.79058e-06,2.14512e-06,0.999996
2.10197e-07,2.52409e-07,1
3.42348e-10,4.10814e-10,1
1.66721e-11,2.00066e-11,1
4.25052e-12,5.10063e-12,1
3.19202e-13,3.83042e-13,1
6.24898e-12,7.49877e-12,1
1.64826e-12,1.97791e-12,1
4.90846e-11,5.89014e-11,1
1.70916e-06,2.04897e-06,0.999996
1.6742e-08,2.00945e-08,1
5.81871e-06,0.00342561,0.996569
3.28982e-14,3.94778e-14,1
2.44186e-14,2.93023e-14,1
2.44186e-14,2.93023e-14,1
7.0884e-11,8.50599e-11,1
1.11073e-13,1.33287e-13,1
2.44186e-14,2.93023e-14,1
4.84282e-10,5.81158e-10,1
9.56918e-13,1.1483e-12,1
5.96375e-13,7.1565e-13,1
1.42118e-11,1.70542e-11,1
2.44186e-14,2.93023e-14,1
7.75488e-12,9.30585e-12,1
2.64643e-09,3.17594e-09,1
6.62875e-12,7.95453e-12,1
2.74043e-05,0.00210126,0.997871
6.66057e-14,7.99268e-14,1
5.69413e-12,6.83293e-12,1
8.62111e-07,1.03602e-06,0.999998
2.44186e-14,2.93023e-14,1
2.44186e-14,2.93023e-14,1
5.45008e-14,6.5359e-14,1
9.40996e-10,4.77461e-10,1
0.917514,1.56353e-05,0.0824703
0.745931,0.00019463,0.253874
1,1e-07,5e-08
1,1e-07,5e-08
1,1e-07,5e-08
1,1e-07,5e-08
1,1e-07,5e-08
1,1e-07,5e-08
1,1e-07,5e-08
0.998079,1.88778e-06,0.00191899
0.963768,0.000554974,0.0356768
5.81916e-11,3.09736e-11,1
0.00346723,0.991734,0.00479833
2.20505e-08,0.999955,4.51409e-05
0.0298479,9.13541e-05,0.970061
0.163737,0.095108,0.741155
0.988634,0.0112713,9.45038e-05
1,1e-07,5e-08
1,1e-07,5e-08
1,1e-07,5e-08
1,1e-07,5e-08
1,1e-07,5e-08
1,1e-07,5e-08
4.76353e-10,5.71351e-10,1
2.44197e-14,2.93031e-14,1
2.44374e-14,2.93154e-14,1
2.44213e-14,2.93042e-14,1
2.44187e-14,2.93024e-14,1
2.44218e-14,2.93046e-14,1
2.44186e-14,2.93023e-14,1
2.44186e-14,2.93023e-14,1
2.44374e-14,2.93155e-14,1
2.91232e-11,3.49476e-11,1
2.83637e-11,3.40297e-11,1
0.116358,0.283353,0.600288
7.72251e-07,0.999553,0.000446454
0.00214354,0.993376,0.00448079
0.584425,0.0104023,0.405172
0.00430901,0.000249533,0.995441
0.0467988,0.00951443,0.943687
0.00208737,9.85889e-05,0.997814
0.0808065,0.013324,0.90587
0.68975,0.0243244,0.285926
0.102797,0.312395,0.584808
0.761659,0.216476,0.0218645
0.978238,0.00129562,0.0204668
0.959728,0.00586776,0.0344044
0.426294,0.265129,0.308577
0.984844,0.0149319,0.000223787
0.00538155,0.994618,3.90764e-07
0.925922,0.050007,0.0240715
0.925076,0.0110966,0.0638273
0.990402,0.000914511,0.00868341
0.638786,0.0598253,0.301388
0.94492,0.00764622,0.0474342
0.294396,0.0434359,0.662168
0.962758,0.016256,0.0209859
0.657177,0.322578,0.020245
0.947012,0.0285365,0.024452
0.313784,0.686157,5.89855e-05
0.0601723,0.93937,0.000457449
7.06184e-08,0.999862,0.000137612
0.139121,0.848514,0.012365
1.37658e-06,0.999891,0.000107752
0.898542,0.0919746,0.00948317
0.26174,0.726407,0.0118534
0.159103,0.839208,0.00168937
1.09565e-06,0.999474,0.000524555
0.00358962,0.989245,0.00716539
7.33279e-08,0.999904,9.57555e-05
0.270346,0.71708,0.0125741
0.00511445,0.993971,0.000914657
2.73896e-09,1,1.58947e-07
0.00935205,0.988181,0.00246713
1.98595e-07,0.999778,0.000221842
0.0586836,0.589965,0.351352
0.0884506,0.611639,0.299911
0.0806772,0.634147,0.285176
0.0269866,0.931121,0.0418925
0.30134,0.514012,0.184648
0.86814,0.128726,0.00313464
8.19693e-08,0.999992,7.4541e-06
0.000398626,0.988122,0.0114792
0.000434977,0.9886,0.0109653
0.0295337,0.872969,0.0974969
0.0192833,0.803067,0.177649
0.00397849,0.849815,0.146207
9.32791e-08,0.99994,6.04018e-05
0.0156033,0.983065,0.00133135
0.00417175,0.994426,0.00140194
0.00821538,0.991509,0.000276049
0.0581312,0.93787,0.00399862
0.0387477,0.960016,0.00123591
0.826059,0.017316,0.156625
0.0213374,0.00188469,0.976778
0.0159582,0.00208129,0.98196
0.917827,0.00652104,0.0756519
0.300431,0.13693,0.562639
0.311747,0.488504,0.199749
0.431703,0.433656,0.134642
0.302369,0.309788,0.387843
0.334261,0.294922,0.370817
0.675225,0.244583,0.0801919
0.0543529,0.745146,0.200501
1.05438e-06,0.999511,0.000488199
0.0204804,0.149069,0.830451
0.0399958,0.542659,0.417345
0.00479205,0.00277733,0.992431
0.00316492,0.991367,0.00546848
0.219344,0.77611,0.00454685
0.267703,0.732165,0.000131256
0.002534,0.994231,0.00323483
0.000520422,0.987749,0.0117309
0.0045973,0.995082,0.000320852
0.159102,0.837035,0.00386339
0.0739713,0.92584,0.000188692
0.160924,0.837766,0.00130949
0.00390607,0.995204,0.000890034
2.93195e-07,0.999998,1.32905e-06
0.984179,0.00472351,0.0110979
0.552514,0.443091,0.00439424
0.9423,0.017354,0.0403465
0.997904,0.000131758,0.00196426
0.134605,0.562106,0.303289
0.138901,0.798305,0.0627935
0.20061,0.142375,0.657015
0.0507792,0.674501,0.27472
6.23859e-10,0.999986,1.43539e-05
1.0311e-06,0.999809,0.000189731
1.46464e-05,0.997631,0.00235479
4.59825e-06,0.998417,0.001578
1.16443e-06,0.999236,0.000762999
0.994639,9.44394e-05,0.00526607
0.78977,0.16163,0.0486001
0.0543558,0.928806,0.016838
0.902423,0.0964966,0.00108084
0.89139,0.108079,0.000531563
0.472398,0.527191,0.000411745
0.0183624,0.979529,0.00210884
0.107218,0.892438,0.000343675
0.693549,0.301859,0.00459129
0.803199,0.193393,0.00340849
0.0740895,0.925447,0.000463265
6.4949e-06,0.998642,0.0013516
8.59367e-06,0.998482,0.0015094
4.0721e-10,0.99999,9.58655e-06
3.57941e-06,0.999039,0.000957859
1.89269e-08,0.999994,6.05165e-06
0.0162692,0.98369,4.09752e-05
2.45656e-06,0.999996,1.27435e-06
1.19216e-13,1,1.65717e-07
0.161107,0.835255,0.00363849
0.742696,0.145265,0.112039
0.0459742,0.805777,0.148248
0.0221495,0.835257,0.142594
0.0021407,0.0140013,0.983858
0.000370509,0.645803,0.353827
0.0296853,0.964363,0.00595144
7.71823e-05,0.990184,0.00973877
5.86567e-06,0.997336,0.0026579
0.000713159,0.00516487,0.994122
0.0243719,0.0683918,0.907236
0.00221483,0.99714,0.000645015
0.0108637,0.936651,0.0524849
6.61372e-07,0.999999,3.96114e-07
0.0179598,0.981892,0.000147873
0.12462,0.857512,0.0178673
0.50653,0.297462,0.196008
0.0381532,0.945502,0.0163452
0.994773,0.00122741,0.0039996
0.986448,0.0129765,0.000574969
0.812063,0.0454365,0.1425
0.0089156,0.990842,0.000242205
0.00035338,0.989822,0.00982472
0.929921,0.0432548,0.0268244
0.0150029,0.931883,0.0531145
0.34167,0.65355,0.00477993
0.178034,0.821926,4.01721e-05
0.915384,0.0169312,0.0676845
0.986433,0.00859834,0.0049689
0.989954,0.00164192,0.00840364
0.220755,0.775035,0.00420963
5.60459e-12,0.999999,1.22532e-06
2.20946e-11,0.999998,2.41024e-06
0.0016281,0.990529,0.00784285
0.00810206,0.920003,0.0718951
1.26584e-05,0.998143,0.00184447
0.220043,0.776355,0.00360239
0.963033,0.00649725,0.0304702
0.769447,0.207375,0.0231775
0.667095,0.328197,0.00470788
0.17116,0.827405,0.00143489
8.10528e-09,0.999994,5.61842e-06
0.978891,0.0204147,0.000694518
0.974736,0.00184624,0.0234176
0.248549,0.00076863,0.750683
0.120154,0.097417,0.782429
0.745737,0.165733,0.0885301
0.0137713,0.970012,0.0162165
0.0145951,0.866562,0.118843
0.00143492,0.981419,0.0171466
3.45576e-08,0.999908,9.22134e-05
2.44527e-05,0.997502,0.00247305
0.794825,0.202941,0.00223388
0.00107267,0.981687,0.0172405
0.00338186,0.992601,0.00401725
1.09353e-06,0.99995,4.91448e-05
0.0257899,0.971338,0.00287228
0.389278,0.532843,0.0778794
0.0792375,0.920114,0.000648004
0.922089,0.0717617,0.00614925
0.0129372,0.987053,9.33463e-06
0.194747,0.80514,0.00011247
0.41963,0.579894,0.000476139
0.996263,8.48443e-05,0.00365225
0.947265,0.0518409,0.000893878
0.971536,0.0262671,0.00219654
0.02199,0.946253,0.0317567
9.58751e-07,0.999942,5.68994e-05
0.985805,0.0120548,0.00213969
0.249461,0.747865,0.00267397
2.38112e-08,0.999933,6.66267e-05
0.822184,0.176722,0.00109446
0.960935,0.0371643,0.00190117
0.475238,0.520198,0.00456443
0.999498,3.74335e-05,0.000464738
0.929145,0.0122831,0.0585721
0.120694,0.719807,0.159498
0.993681,0.00605629,0.000262923
0.129954,0.60686,0.263186
0.683219,0.316462,0.000318669
0.408905,0.54849,0.042605
0.971902,0.00875914,0.0193392
0.815658,0.0878954,0.0964469
0.97319,0.0216799,0.00512961
0.0362347,0.94315,0.0206153
7.66872e-07,0.999676,0.000322864
0.287728,0.348478,0.363794
7.28981e-07,0.999764,0.00023558
0.190849,0.767071,0.0420805
0.720688,0.222227,0.0570854
0.751592,0.241888,0.00652025
0.0804703,0.918737,0.000792635
0.0118446,0.976361,0.0117941
0.117493,0.878705,0.00380238
0.0216387,0.965807,0.0125545
0.281152,0.649485,0.0693625
0.00309297,0.971876,0.0250307
0.0479186,0.635242,0.316839
0.0977936,0.285376,0.616831
2.48105e-06,0.99882,0.00117763
4.84804e-06,0.998811,0.00118437
0.00043701,0.976528,0.0230352
8.05481e-05,0.990199,0.00972036
2.08266e-08,0.999994,5.5157e-06
7.14916e-06,0.998529,0.00146343
0.117095,0.871002,0.0119023
0.000275332,0.990234,0.0094907
0.21743,0.385155,0.397415
2.61605e-10,0.999988,1.16252e-05
4.37113e-09,0.999965,3.46784e-05
1.43114e-06,0.999054,0.000944104
2.07427e-14,1,5.18093e-08
1.5794e-09,0.999979,2.14033e-05
5.87634e-11,0.999996,4.25785e-06
0.983726,0.0155848,0.0006893
0.991317,0.00274632,0.00593683
0.998558,2.79304e-06,0.00143967
0.999929,5.58137e-08,7.08052e-05
0.999436,0.000177764,0.000386124
0.928684,0.0712061,0.000109706
0.00802152,0.986224,0.00575494
0.231447,0.761605,0.00694852
0.0712924,0.893321,0.0353862
0.0415416,0.00350873,0.95495
0.00257936,1.92325e-05,0.997401
0.0191616,0.258385,0.722453
1.64088e-05,0.99772,0.00226404
0.244628,0.576633,0.178739
0.998761,0.000830594,0.00040873
0.45806,0.538138,0.00380232
0.0248047,0.929038,0.0461568
0.953322,0.0257715,0.0209061
0.0129335,0.984438,0.00262899
0.914513,0.0745099,0.0109775
0.00454903,0.995089,0.000362002
0.0105857,0.562457,0.426957
0.0420831,0.943889,0.0140277
0.265739,0.719496,0.0147652
0.678119,0.310443,0.0114375
6.39089e-07,0.999926,7.30491e-05
0.0139346,0.98328,0.0027855
5.39544e-07,0.999999,3.21074e-07
1.34256e-09,0.999984,1.62598e-05
0.00329507,0.938638,0.0580666
6.22315e-09,0.999984,1.58637e-05
0.142542,0.802307,0.0551507
0.106055,0.0419014,0.852044
0.00955764,0.895009,0.0954334
0.00654723,0.759461,0.233992
0.06733,0.923563,0.00910656
3.30475e-11,1,5.01527e-08
4.65386e-10,0.999997,3.43553e-06
1.11439e-07,0.999988,1.1914e-05
0.709292,0.240009,0.0506993
0.00715556,0.781104,0.21174
0.0056593,0.936892,0.0574492
0.0875522,0.474887,0.437561
0.00103415,0.833751,0.165214
0.00247439,0.287402,0.710123
7.48471e-05,0.956787,0.0431382
0.000918828,0.798529,0.200552
0.0688267,0.928225,0.00294856
0.118809,0.879784,0.0014066
0.00742428,0.987767,0.00480874
0.787311,0.212497,0.000191618
3.25038e-05,0.997026,0.00294147
0.000339803,0.990067,0.00959333
0.0189339,0.979852,0.00121378
0.318929,0.264295,0.416776
0.0182118,0.411001,0.570787
0.00788478,0.119142,0.872973
4.18062e-06,0.998249,0.00174674
9.96472e-09,0.999949,5.14314e-05
0.00365871,0.956576,0.0397649
0.00156804,0.997441,0.000991122
1.93291e-07,0.999998,1.57621e-06
0.304007,0.516937,0.179056
0.000101024,0.00254052,0.997358
0.000509552,0.160096,0.839394
0.000968592,0.140008,0.859023
0.000407055,0.0135437,0.986049
0.339097,0.335167,0.325736
0.417612,0.494326,0.0880618
0.849317,0.0326781,0.118005
0.84927,0.150379,0.000350983
0.619078,0.349245,0.0316778
0.106402,0.885486,0.00811152
0.116449,0.883439,0.000111659
8.92554e-08,0.999998,1.74709e-06
0.024366,0.879545,0.0960895
0.256305,0.652843,0.090852
0.213137,0.500318,0.286544
0.701723,0.141764,0.156512
0.0891131,0.0229403,0.887947
0.170901,0.045576,0.783523
0.150049,0.0353617,0.81459
0.278824,0.24114,0.480035
0.0316932,0.0408879,0.927419
0.0062211,0.643527,0.350252
2.04046e-07,0.999738,0.000261642
0.0217117,0.978281,7.30262e-06
0.837449,0.162266,0.000285671
0.285178,0.714776,4.57392e-05
7.49772e-08,0.999999,1.35785e-06
0.0213105,0.399935,0.578755
1.96582e-05,0.997519,0.00246093
0.00215204,0.996731,0.00111708
0.998536,0.00137987,8.37393e-05
0.991146,0.00678875,0.00206518
0.998302,0.000617425,0.00108049
0.975276,0.022548,0.00217564
0.0208737,0.971987,0.00713931
0.969756,0.0269416,0.00330283
0.020711,0.976311,0.00297772
0.0441848,0.955796,1.90137e-05
0.964095,0.0340445,0.00186017
0.996913,0.00222497,0.000861856
0.554767,0.444053,0.00117997
0.968364,0.00288994,0.0287465
0.990159,0.00273041,0.00711095
0.943983,0.0360814,0.019936
0.0194482,0.977477,0.00307497
0.0050915,0.988831,0.00607739
1.34508e-09,0.999995,5.42047e-06
9.67687e-06,0.998394,0.00159653
0.227185,0.772144,0.000671287
0.0166304,0.395908,0.587462
0.13679,0.559349,0.303862
0.0168381,0.915054,0.0681079
0.0140067,0.983387,0.00260582
0.381144,0.162478,0.456378
0.994887,0.00493017,0.000182584
0.318197,0.369762,0.312041
0.311684,0.298217,0.3901
0.0079024,0.965796,0.0263015
3.5426e-06,0.997937,0.00205986
0.000989307,0.815698,0.183313
4.03427e-05,0.993604,0.00635522
0.248103,0.362594,0.389303
0.825603,0.104436,0.0699614
0.754339,0.0832777,0.162383
0.0891208,0.887962,0.0229171
0.179194,0.818642,0.00216448
0.401414,0.584179,0.0144074
0.139961,0.859967,7.25962e-05
0.00313328,0.996864,2.87548e-06
0.898917,0.101055,2.79326e-05
0.999047,0.000841278,0.000111306
0.930363,0.0636053,0.0060312
0.380157,0.617336,0.00250695
4.37154e-14,1,5.09363e-08
8.75721e-11,0.999999,9.36046e-07
4.24849e-07,0.999988,1.16605e-05
7.34698e-07,0.999517,0.000481858
0.268465,0.692543,0.0389927
0.685411,0.113665,0.200924
0.554764,0.13799,0.307246
0.382354,0.327798,0.289848
0.613322,0.38306,0.00361822
0.995809,0.00161397,0.00257706
0.914136,0.0489333,0.0369311
8.98052e-07,0.999997,2.09116e-06
0.203566,0.788013,0.00842086
0.967763,0.0315182,0.000718647
0.999901,8.90258e-05,1.01174e-05
0.124772,0.875114,0.000114423
0.32944,0.66427,0.00628956
0.925032,0.0671369,0.00783134
0.964214,0.0223179,0.0134677
0.00687805,0.993085,3.64887e-05
1.93737e-06,0.999301,0.0006969
0.797253,0.199131,0.00361566
0.997295,0.00269501,1.01167e-05
0.993976,0.00590425,0.000119406
0.958427,0.0414874,8.54098e-05
0.999689,0.000308889,1.82441e-06
0.99992,2.95732e-05,5.00446e-05
0.0422982,0.949198,0.00850427
0.390615,0.572395,0.0369897
0.0246934,0.973869,0.00143779
0.244809,0.69573,0.0594608
0.999908,6.86354e-05,2.36083e-05
0.95223,0.0375591,0.010211
0.0719672,0.914778,0.0132547
0.201987,0.760475,0.0375375
0.291745,0.32848,0.379775
0.203398,0.773908,0.0226942
1.34286e-05,0.998126,0.00186056
0.473335,0.526067,0.000597782
0.00344815,0.996525,2.69841e-05
0.756323,0.0803812,0.163296
0.424515,0.0417805,0.533704
0.0189592,0.310335,0.670706
0.197974,0.00217144,0.799855
37- 39: wrong sized packet: 48
0.480198,0.15157,0.368232
2.46161e-07,0.999999,9.41219e-07
0.983468,0.0163708,0.000161028
0.755892,0.243412,0.00069593
0.985232,0.0147211,4.73333e-05
0.160078,0.839137,0.000784646
3.08938e-11,0.999999,9.54643e-07
0.0818394,0.91808,8.05001e-05
3.13794e-05,0.99403,0.00593886
6.14481e-05,0.991769,0.00816984
0.00285416,0.984117,0.0130288
0.0192418,0.950018,0.03074
0.00286941,0.983119,0.0140112
2.59666e-06,0.998899,0.00109878
0.293369,0.704373,0.0022588
2.12936e-08,0.999927,7.28599e-05
0.000151414,0.993148,0.00670098
1.20658e-05,0.998066,0.00192229
0.0389567,0.932648,0.0283957
1.93933e-05,0.997731,0.00224934
5.95772e-07,0.999612,0.000387071
0.0841923,0.915333,0.00047434
0.00994613,0.947159,0.0428945
0.080306,0.695655,0.224039
0.187092,0.458283,0.354625
0.0625037,0.904002,0.0334948
1.46788e-06,0.999225,0.00077391
0.00866233,0.835056,0.156282
0.00191734,0.988738,0.00934468
0.00187557,0.911579,0.0865457
0.000824619,0.0293898,0.969786
0.0106904,0.402536,0.586773
0.0136822,0.00425522,0.982063
0.0501394,0.478151,0.471709
3.26106e-07,0.999844,0.000155534
0.0444728,0.955433,9.39011e-05
0.982881,0.0151247,0.00199457
0.850577,0.145737,0.00368576
0.998412,0.00140209,0.000186232
0.999981,8.46028e-07,1.81198e-05
0.994351,0.00459791,0.0010513
0.126699,0.722455,0.150847
0.0476157,0.80194,0.150444
0.0205973,0.889332,0.090071
0.147171,0.0503008,0.802528
0.0682936,0.0846951,0.847011
0.83272,0.0447145,0.122566
0.995348,8.16357e-05,0.00457047
0.986311,0.0122361,0.00145324
0.991902,0.00808472,1.291e-05
0.999849,4.2965e-05,0.000108169
0.995903,0.00349778,0.000598745
0.416572,0.578826,0.00460204
0.574668,0.421835,0.00349619
0.156201,0.836088,0.00771121
0.999404,4.01687e-05,0.000556079
0.209257,0.790678,6.53384e-05
0.190888,0.809111,3.26341e-07
0.985032,0.0148573,0.000110804
0.136096,0.863867,3.66433e-05
0.478233,0.521571,0.000196547
0.154247,0.845627,0.00012559
0.364941,0.633469,0.00158911
0.99238,0.00607207,0.00154828
0.946125,0.0427594,0.011116
0.946511,0.052371,0.00111824
0.99956,5.73264e-05,0.000382284
0.972695,0.0251376,0.00216736
0.10091,0.898075,0.00101486
0.0107574,0.988335,0.000907266
1.18834e-07,0.999912,8.77975e-05
1.19545e-09,1,9.78525e-08
0.470696,0.324048,0.205255
0.105182,0.113949,0.780869
0.149093,0.794288,0.0566187
0.0112322,0.93825,0.0505173
0.076971,0.916292,0.00673665
1.38479e-07,0.999984,1.62145e-05
0.39776,0.595487,0.00675324
0.850849,0.145665,0.00348659
0.543861,0.445932,0.0102067
0.426384,0.557886,0.0157305
0.24758,0.746235,0.00618568
0.0223153,0.977245,0.00044018
0.992336,0.000314466,0.00734926
0.975016,0.013202,0.0117822
0.41881,0.575876,0.00531421
2.25084e-07,1,1.65063e-07
0.998072,1.49913e-05,0.00191293
0.999839,1.42415e-05,0.000147229
0.999506,1.06804e-06,0.000492896
0.999812,8.94211e-05,9.84199e-05
0.999593,0.000391469,1.51874e-05
0.997197,0.00266878,0.000133864
0.997916,0.00147182,0.000612211
0.997794,0.00197094,0.000235442
0.992043,0.00616865,0.00178825
0.995266,0.00413608,0.00059813
0.0199335,0.979623,0.000443424
0.0608274,0.936025,0.00314753
0.772179,0.227309,0.000511659
0.996783,0.00131818,0.00189925
0.99591,0.000589766,0.00350018
0.126298,0.78747,0.086232
0.986621,0.0124982,0.000881066
0.943002,0.0411747,0.0158233
0.86755,0.0507757,0.0816743
0.985878,0.0133972,0.000724581
0.174122,0.783584,0.0422938
0.00863294,0.949687,0.0416805
0.000326104,0.9903,0.00937423
0.00221746,0.997746,3.61605e-05
0.00246666,0.982523,0.0150099
0.195156,0.790081,0.0147635
0.368227,0.575425,0.0563478
0.0650839,0.00945061,0.925465
0.0127128,0.000295171,0.986992
0.282862,0.272609,0.444528
0.0198742,0.00155146,0.978574
0.00247352,8.85512e-05,0.997438
3.4007e-06,3.62627e-06,0.999993
0.00309892,5.51298e-05,0.996846
0.00193838,0.0159397,0.982122
0.0521075,0.939851,0.00804103
0.229238,0.0702616,0.7005
0.0343029,0.0317206,0.933976
0.985886,0.00568218,0.00843201
0.983042,0.0160316,0.000926461
0.811178,0.188671,0.000150251
0.792691,0.164058,0.0432508
0.626247,0.354381,0.0193712
0.554658,0.442041,0.0033014
0.00361844,0.996134,0.000247864
4.42983e-10,0.999999,1.36572e-06
0.00608306,0.993734,0.000183099
0.553827,0.436601,0.00957208
0.0588741,0.933243,0.00788265
0.506791,0.488584,0.00462524
0.913253,0.0861759,0.0005708
0.702651,0.295764,0.00158536
0.998638,9.14323e-06,0.00135254
0.982097,0.000145703,0.0177575
0.969225,0.00918279,0.0215922
0.999338,0.000161617,0.000500769
0.29753,0.691226,0.0112438
0.345552,0.315661,0.338788
0.0403163,0.959013,0.000670638
0.31933,0.549711,0.130958
0.872686,0.123173,0.00414043
0.358645,0.639875,0.00148089
0.999647,0.000254015,9.89116e-05
0.996996,0.000738714,0.00226544
0.996589,0.00103692,0.00237453
0.0281716,0.882386,0.0894424
0.778985,0.218977,0.00203819
0.815499,0.0449543,0.139547
0.949748,0.0121121,0.0381403
0.854093,0.0411674,0.104739
0.0108776,0.488681,0.500441
0.427491,0.482805,0.0897048
0.377145,0.61603,0.0068252
4.37958e-07,0.999981,1.81652e-05
0.700454,0.294056,0.00548953
0.935582,0.0386666,0.0257518
0.947814,0.0520768,0.000108973
0.575309,0.423729,0.000962065
0.335324,0.664562,0.000114201
0.165992,0.833609,0.00039922
0.0770765,0.922657,0.000266845
0.0154159,0.983772,0.000811874
0.99401,0.00577919,0.000210702
0.199287,0.799734,0.000978731
0.993103,0.00272721,0.00417009
0.352486,0.646249,0.00126475
0.00971798,0.990275,7.02251e-06
0.273624,0.593267,0.133109
0.685624,0.100607,0.213769
0.0542892,0.929198,0.016513
0.319601,0.320596,0.359803
0.444237,0.539565,0.0161977
0.994827,0.00229272,0.00288042
0.0373926,0.879007,0.0836
0.0872196,0.800593,0.112188
0.125389,0.6328,0.241811
0.0535196,0.786355,0.160125
0.0222483,0.887163,0.0905888
0.000579791,0.986768,0.0126518
0.979508,0.0165749,0.00391682
0.558982,0.440684,0.000334666
2.8133e-11,1,5.04837e-08
0.479602,0.52012,0.00027806
0.0694396,0.930517,4.344e-05
0.0349324,0.965061,6.94105e-06
0.0349361,0.964883,0.000181028
0.0626701,0.936642,0.000687759
0.0351827,0.963318,0.00149912
0.00392204,0.995617,0.000460704
0.903005,0.087372,0.00962303
0.321714,0.512517,0.165769
0.0013135,0.997679,0.00100787
0.0269537,0.971651,0.00139566
0.0126418,0.630995,0.356363
0.00909491,0.755857,0.235048
0.000209296,0.933714,0.0660763
0.352193,0.354936,0.292871
7.65327e-07,0.999501,0.000498595
2.53599e-06,0.999215,0.000782331
3.04739e-08,1,6.52677e-08
0.00596104,0.964539,0.0295002
0.108365,0.639657,0.251978
0.00989496,0.806984,0.183121
0.12158,0.534029,0.344391
2.78305e-09,0.999979,2.06321e-05
1.91413e-09,1,5.10453e-08
3.16205e-08,0.999999,8.89155e-07
0.0227677,0.974694,0.00253808
1.08264e-08,0.99999,1.00417e-05
0.356235,0.636028,0.00773615
0.446824,0.462421,0.090755
0.804126,0.183932,0.0119412
0.773621,0.209866,0.0165129
0.999124,3.49949e-06,0.000872913
0.999776,2.99074e-07,0.000223276
0.999959,1.06729e-07,4.10328e-05
0.999715,2.26021e-05,0.000262157
0.509033,0.490397,0.000569577
0.99999,9.09709e-06,5.57589e-07
0.999986,1.00798e-07,1.41409e-05
0.999925,1.2261e-07,7.52171e-05
0.999974,1.02629e-07,2.56742e-05
1,1e-07,5e-08
1,1e-07,5e-08
1,1e-07,5e-08
1,1e-07,1.67451e-07
0.999989,8.75049e-08,1.13644e-05
0.999989,9.11507e-08,1.08446e-05
0.991,3.84808e-05,0.00896194
0.99981,0.000126889,6.31498e-05
0.999388,0.000610559,1.83143e-06
0.968868,0.00385573,0.0272764
0.00759998,0.00017749,0.992223
0.00970928,0.000319657,0.989971
0.00644214,0.000469866,0.993088
0.116246,0.0134291,0.870325
0.00315838,0.0946464,0.902195
0.00103603,0.0105146,0.988449
0.000725935,0.58952,0.409754
5.4369e-07,0.999194,0.000805631
2.86862e-06,3.45061e-06,0.999994
0.0061946,0.0750455,0.91876
0.559642,0.281276,0.159083
0.940528,0.0116844,0.0477875
0.0698837,0.211038,0.719078
0.0109007,0.941751,0.0473482
0.00465618,0.898065,0.0972786
0.176775,0.0891815,0.734043
0.0677308,0.0129302,0.919339
0.0975268,0.0222818,0.880191
1.39537e-07,1.67378e-07,1
5.41512e-05,0.00431327,0.995633
0.000280953,0.89273,0.106989
3.48745e-06,0.997946,0.00205012
0.00605837,0.989755,0.00418664
0.00276183,0.00703541,0.990203
0.0124157,0.00156645,0.986018
3.05156e-06,3.6639e-06,0.999993
0.0156794,0.879979,0.104341
0.145931,0.853096,0.000972792
0.999685,3.31813e-05,0.000281859
0.955458,0.0434409,0.00110107
1.53283e-05,0.997971,0.00201348
0.0384606,0.578371,0.383168
3.97428e-08,0.9998,0.000200256
0.000128587,0.909198,0.0906729
2.89405e-08,0.999814,0.00018637
5.2297e-11,0.999996,4.30189e-06
1.81644e-05,0.995295,0.00468638
0.000409025,0.976866,0.0227253
0.00631403,0.0132684,0.980418
0.00513333,0.49693,0.497937
0.111341,0.0635728,0.825086
0.00176578,0.0139519,0.984282
2.11405e-07,2.45565e-07,1
0.0628822,0.0278071,0.909311
0.000240067,0.769521,0.230239
0.00184085,0.947331,0.0508285
9.19763e-10,0.999971,2.90247e-05
7.52114e-06,0.997461,0.00253139
8.27263e-07,0.999172,0.000827014
1.67701e-09,0.99999,9.65395e-06
0.0331989,0.816801,0.15
0.18049,0.541462,0.278049
0.0720774,0.756469,0.171453
0.0352462,0.835694,0.129059
0.299532,0.355424,0.345044
0.196912,0.501744,0.301344
0.59928,0.0104003,0.390319
0.0121898,0.919512,0.0682987
0.000355965,0.978438,0.0212062
1.33374e-07,0.9996,0.000400259
1.00016e-05,0.942876,0.057114
4.97599e-05,0.944369,0.0555816
0.0055072,0.991224,0.00326863
6.23566e-05,0.992423,0.00751449
2.28582e-09,0.999948,5.22438e-05
4.17142e-06,0.997809,0.00218725
0.000784852,0.969088,0.0301274
0.0149742,0.0881063,0.89692
0.0198024,0.288481,0.691717
0.00217738,0.00227975,0.995543
0.0163864,0.916091,0.0675225
0.0457625,0.0127806,0.941457
0.00776442,0.0211627,0.971073
2.01986e-09,2.4237e-09,1
7.98027e-08,9.58049e-08,1
0.0573192,0.0479002,0.894781
0.196154,0.788074,0.0157724
0.0318863,0.961799,0.00631429
2.30058e-11,0.999995,4.84965e-06
5.62517e-11,0.999994,6.22781e-06
1.29621e-09,0.999974,2.64986e-05
4.40582e-08,0.999775,0.000224829
0.0121849,0.640421,0.347394
0.000367921,0.0105478,0.989084
0.000753311,0.737108,0.262139
0.0338128,0.0917819,0.874405
0.000586465,0.00183376,0.99758
5.12084e-06,6.14934e-06,0.999989
0.000159371,0.0650348,0.934806
0.000140655,0.384539,0.61532
2.04249e-11,0.999995,4.87541e-06
1.31671e-08,0.999875,0.000125374
0.00223432,0.0154822,0.982283
0.00164067,0.794766,0.203594
0.00290104,0.730731,0.266368
5.42323e-05,0.991845,0.00810078
0.464967,0.47834,0.0566931
0.416313,0.565765,0.0179218
0.0927569,0.295243,0.612
5.13709e-05,0.992041,0.00790771
1.63191e-08,0.999861,0.000138724
2.77602e-14,1,1.24853e-07
0.0329012,0.963829,0.00326956
0.783645,0.206279,0.0100765
0.00438198,0.995059,0.000559196
6.14518e-07,0.999991,8.25851e-06
0.0034468,0.995562,0.000991078
6.73696e-09,0.999989,1.07219e-05
2.63763e-06,0.998623,0.00137485
6.25892e-05,0.991238,0.00869936
4.20716e-07,0.999291,0.000708676
4.3464e-14,1,1.23903e-07
2.06204e-14,1,9.71061e-08
2.04431e-12,0.999998,1.55414e-06
1.30393e-07,0.999608,0.000392287
0.00735978,0.554647,0.437993
7.52133e-05,0.990798,0.00912704
7.68181e-08,9.21611e-08,1
0.00428479,0.0556662,0.940049
6.16718e-05,0.00567183,0.994266
0.884682,0.0909917,0.0243258
0.442233,0.55675,0.00101729
0.999998,9.99622e-08,1.79007e-06
0.199618,0.800295,8.66931e-05
0.36403,0.576131,0.059839
1.67985e-06,0.99907,0.000928381
0.000162825,0.00736914,0.992468
7.08918e-07,8.4989e-07,0.999998
3.8252e-10,4.59013e-10,1
0.923133,0.0763648,0.000502219
0.00730116,0.00261146,0.990087
0.333229,0.324814,0.341957
0.0243291,0.00629327,0.969378
0.00363768,0.00602994,0.990332
0.00328282,0.67047,0.326247
0.000620028,0.921707,0.0776728
0.0054017,0.00151166,0.993087
0.280873,0.546369,0.172757
0.0719061,0.77857,0.149523
0.984919,0.0135934,0.00148761
1,1e-07,5e-08
0.999983,9.86884e-08,1.73504e-05
1,9.99875e-08,5.11207e-08
0.992754,2.63621e-05,0.00721999
0.999592,1.32791e-07,0.000407383
0.985678,0.0138748,0.000447433
0.581724,0.0277643,0.390512
1,9.95531e-08,5.67893e-08
0.0160124,0.910336,0.0736516
0.336097,0.321785,0.342119
0.00536805,5.92359e-05,0.994573
5.69066e-13,6.82872e-13,1
3.34414e-12,4.01264e-12,1
2.44186e-14,2.93023e-14,1
1.69992e-09,2.03998e-09,1
0.00991011,0.654217,0.335873
0.00149505,0.760731,0.237774
0.0582914,0.0854426,0.856266
9.79135e-08,1.1737e-07,1
0.00263044,5.85505e-05,0.997311
1.34812e-11,1.61455e-11,1
4.99644e-07,3.84439e-07,0.999999
0.00764721,0.0529939,0.939359
0.045529,0.950166,0.00430523
0.495247,0.487054,0.0176989
0.908607,0.0468456,0.0445475
0.0307943,0.719462,0.249743
0.00226374,1.03185e-05,0.997726
3.49294e-09,4.19122e-09,1
4.74662e-10,5.69579e-10,1
2.44186e-14,2.93023e-14,1
2.44186e-14,2.93023e-14,1
5.22872e-14,6.27446e-14,1
1.96823e-10,2.36141e-10,1
1.45109e-11,1.74114e-11,1
6.92853e-11,7.29393e-11,1
0.00157536,0.00010429,0.99832
0.00578464,0.000271297,0.993944
1.29447e-13,1.55337e-13,1
2.44715e-08,2.93603e-08,1
8.85563e-07,4.42072e-07,0.999999
8.23218e-13,9.87541e-13,1
1.48322e-07,1.7527e-07,1
0.0101403,0.000217483,0.989642
6.93255e-05,0.00415545,0.995775
1.74897e-09,2.0989e-09,1
3.79071e-10,4.54893e-10,1
6.90408e-07,8.29528e-07,0.999998
2.44186e-14,2.93023e-14,1
3.37408e-13,4.0489e-13,1
2.44186e-14,2.93023e-14,1
1.6261e-11,1.95133e-11,1
2.44186e-14,2.93023e-14,1
2.04655e-08,2.4564e-08,1
1.53467e-08,1.84195e-08,1
2.60635e-05,0.0723473,0.927627
0.00246478,0.00107604,0.996459
2.22484e-11,2.66982e-11,1
4.65426e-05,0.00185021,0.998103
0.000537339,0.538604,0.460859
0.000204597,0.983878,0.015917
1.34898e-10,1.61875e-10,1
4.05348e-11,4.86414e-11,1
7.7662e-07,9.31255e-07,0.999998
1.1176e-13,1.34113e-13,1
9.04396e-14,1.08528e-13,1
5.8229e-08,6.98574e-08,1
8.82397e-08,1.05936e-07,1
2.81063e-05,0.00439423,0.995578
0.0272267,0.864092,0.108682
0.00433388,0.968123,0.0275432
0.00325417,0.893673,0.103073
4.4055e-13,1,3.63847e-07
0.00389372,0.973038,0.0230686
0.313413,0.275985,0.410602
4.39503e-05,0.995985,0.00397067
2.22886e-07,0.999557,0.000442596
0.00769378,0.971613,0.0206932
2.41304e-08,0.999865,0.000135084
0.00149734,0.99756,0.000942415
1.75014e-05,0.995553,0.00442944
0.792004,0.198837,0.00915888
0.154766,0.496696,0.348538
0.265584,0.172082,0.562333
0.0025921,0.969901,0.0275066
0.0249277,0.750683,0.22439
0.00659472,0.081404,0.912001
0.000292122,0.957654,0.0420543
0.000214848,0.00744636,0.992339
8.79082e-10,1.05487e-09,1
8.795e-10,1.05545e-09,1
1.21143e-10,1.4537e-10,1
0.0026426,0.000773792,0.996584
3.13198e-06,3.76838e-06,0.999993
1.6441e-07,1.97385e-07,1
0.0135873,0.0164592,0.969953
5.48199e-07,6.57903e-07,0.999999
2.28253e-08,2.7387e-08,1
1.00462e-09,1.20553e-09,1
1.98484e-09,2.38197e-09,1
2.44186e-14,2.93023e-14,1
7.80305e-12,9.36362e-12,1
3.61121e-13,4.33345e-13,1
3.26092e-10,3.91302e-10,1
1.35052e-08,1.62039e-08,1
8.71446e-07,1.04457e-06,0.999998
1.20264e-10,1.44319e-10,1
4.42019e-10,5.30441e-10,1
3.17931e-13,3.81517e-13,1
2.74549e-11,3.29462e-11,1
4.10775e-14,4.92931e-14,1
5.23307e-11,6.27963e-11,1
1.36956e-06,1.20967e-06,0.999997
1.14063e-09,1.36872e-09,1
1.53076e-13,1.83691e-13,1
8.6461e-13,1.03753e-12,1
2.42332e-12,2.90799e-12,1
1.33967e-09,1.60755e-09,1
0.154829,0.000354611,0.844817
0.88245,0.0923209,0.0252287
0.999883,2.06667e-07,0.000116701
1,1e-07,5.00003e-08
0.999969,4.1793e-06,2.66057e-05
0.293111,0.192128,0.514761
0.690448,0.309004,0.0005476
0.00703536,0.709511,0.283454
1.69891e-07,1.92515e-07,1
0.00018143,0.00247495,0.997344
3.13224e-05,0.00196667,0.998002
1.42902e-10,1.7148e-10,1
0.958,0.000711164,0.0412887
0.00535179,0.00108723,0.993561
1.90141e-11,9.67791e-12,1
2.66275e-10,1.33217e-10,1
1.48106e-06,7.45746e-07,0.999998
2.44186e-14,2.93023e-14,1
5.7563e-07,6.90116e-07,0.999999
3.63731e-08,4.36401e-08,1
1.78481e-09,2.14166e-09,1
2.44186e-14,2.93023e-14,1
1.91943e-08,2.30381e-08,1
1.15354e-07,1.38496e-07,1
0.000189222,0.601568,0.398243
0.000601183,0.0241481,0.975251
0.120672,0.0460863,0.833242
0.0209698,0.00193574,0.977094
0.0450046,0.0102805,0.944715
5.03336e-05,0.9921,0.00785001
1.12749e-12,0.999999,1.15764e-06
0.00055738,0.932426,0.0670166
9.73259e-05,0.548593,0.451309
8.45514e-12,1.01462e-11,1
1.79849e-11,2.15818e-11,1
1.58182e-10,1.89821e-10,1
2.10161e-12,2.52192e-12,1
0.00564968,0.00698203,0.987368
3.06033e-07,3.66353e-07,0.999999
4.32879e-08,5.17748e-08,1
0.000974342,1.97099e-05,0.999006
0.109114,0.0245021,0.866384
0.00255128,1.96288e-05,0.997429
2.44034e-10,2.92844e-10,1
0.000375781,0.977801,0.0218228
3.98746e-05,0.993012,0.00694766
5.87062e-05,0.991457,0.00848467
1.83393e-05,0.995495,0.00448632
0.11526,0.604645,0.280094
0.000484494,0.40339,0.596126
0.000595964,0.0360078,0.963396
0.00110606,0.0144217,0.984472
1.10419e-09,1.32508e-09,1
0.00146081,0.0778119,0.920727
2.03147e-12,2.43672e-12,1
2.44186e-14,2.93023e-14,1
2.36197e-12,2.83435e-12,1
1.80578e-08,2.16724e-08,1
0.000881589,0.00176328,0.997355
6.58003e-12,7.89601e-12,1
2.44186e-14,2.93023e-14,1
5.11009e-11,6.13215e-11,1
7.06691e-10,8.48061e-10,1
2.55024e-08,3.06104e-08,1
2.56032e-06,0.998247,0.00175088
0.000188667,0.984659,0.0151527
1.36844e-07,1.64307e-07,1
9.69012e-08,1.16336e-07,1
1.4896e-11,1.7875e-11,1
2.17789e-08,2.61381e-08,1
2.44186e-14,2.93023e-14,1
0.0157925,0.000638191,0.983569
0.0153527,0.001215,0.983432
0.00854558,0.000184525,0.99127
0.0216035,0.000966843,0.97743
3.30551e-07,3.97013e-07,0.999999
1.24981e-06,1.50234e-06,0.999997
7.41853e-11,8.90221e-11,1
0.00971101,0.00465001,0.985639
0.016106,0.0127921,0.971102
0.000912125,0.000206746,0.998881
0.01164,0.000277765,0.988082
3.65122e-08,4.38044e-08,1
3.86682e-09,4.63992e-09,1
1.9281e-07,2.31525e-07,1
5.01965e-11,6.02364e-11,1
4.56822e-14,5.48187e-14,1
2.44186e-14,2.93023e-14,1
2.14091e-12,2.49548e-12,1
2.47493e-14,2.95305e-14,1
1.24972e-12,1.49962e-12,1
2.94019e-11,3.52821e-11,1
4.40845e-08,5.29164e-08,1
2.70272e-12,3.24326e-12,1
5.98454e-09,7.181e-09,1
2.45737e-08,2.94841e-08,1
0.00112104,4.60346e-06,0.998874
0.00479044,0.0221614,0.973048
0.00609468,0.00602751,0.987878
0.000635644,0.187399,0.811966
1.19429e-05,0.00376122,0.996227
2.26962e-11,2.72352e-11,1
3.07411e-12,3.68893e-12,1
1.55262e-07,1.86341e-07,1
4.43529e-05,0.110816,0.889139
1.16638e-06,1.40145e-06,0.999997
1.04624e-05,0.00366847,0.996321
4.70957e-06,0.00194894,0.998046
0.000169381,0.906722,0.0931082
1.79501e-05,0.00566681,0.994315
1.44524e-08,1.73461e-08,1
0.000696401,0.854366,0.144938
0.00010504,0.938637,0.0612581
1.8543e-11,2.22515e-11,1
1.53821e-11,1.84585e-11,1
8.6541e-09,1.02053e-08,1
7.56168e-12,9.074e-12,1
0.000169597,0.374165,0.625665
3.82201e-11,0.999996,3.75246e-06
0.0021687,0.680303,0.317529
0.000267846,0.0232259,0.976506
6.34687e-07,7.62314e-07,0.999999
0.00110369,0.0502524,0.948644
5.19117e-05,0.00408961,0.995858
4.61707e-05,0.00583235,0.994121
1.79592e-08,2.15335e-08,1
3.13027e-14,3.75632e-14,1
2.44186e-14,2.93023e-14,1
1.04427e-09,1.25307e-09,1
3.14692e-09,3.77605e-09,1
0.218095,0.153251,0.628654
0.103855,0.85712,0.0390258
0.00136207,0.869667,0.128971
1.16392e-05,0.0689761,0.931012
4.17079e-05,0.165866,0.834092
0.000137041,0.409177,0.590686
0.000945192,0.902015,0.0970402
2.22483e-07,2.67173e-07,1
0.000397756,0.0264083,0.973194
8.97604e-10,1.07716e-09,1
8.22932e-11,9.8751e-11,1
0.00279323,0.0887734,0.908433
2.38959e-05,0.00611553,0.993861
0.000292192,0.0248324,0.974875
0.000104678,0.00303936,0.996856
3.18173e-07,3.81847e-07,0.999999
0.00105386,4.0785e-05,0.998905
4.30465e-07,5.15307e-07,0.999999
3.13573e-09,3.76262e-09,1
9.74124e-10,1.169e-09,1
5.10303e-12,6.12365e-12,1
8.4185e-07,1.00941e-06,0.999998
0.000185368,0.0567453,0.943069
0.0261628,0.864389,0.109448
0.00402893,0.0181919,0.977779
2.98963e-07,3.58501e-07,0.999999
5.5611e-13,6.67331e-13,1
1.81523e-13,2.17827e-13,1
1.76686e-13,2.12016e-13,1
2.44186e-14,2.93024e-14,1
2.44077e-11,2.92893e-11,1
1.38711e-11,1.66453e-11,1
8.71954e-14,1.04634e-13,1
3.16768e-14,3.80122e-14,1
3.88201e-11,4.65838e-11,1
3.92456e-11,4.7095e-11,1
5.95775e-07,7.14477e-07,0.999999
7.94002e-08,9.53095e-08,1
1.32598e-05,0.00499037,0.994996
0.000378697,0.014805,0.984816
1.95793e-07,2.34824e-07,1
5.06786e-10,6.08126e-10,1
2.44186e-14,2.93023e-14,1
2.44186e-14,2.93023e-14,1
2.33382e-07,2.79893e-07,0.999999
9.95557e-10,1.19462e-09,1
6.41427e-06,0.997383,0.00261052
0.0001569,0.985873,0.0139699
8.8075e-11,0.999993,7.01987e-06
1.13989e-10,0.999994,5.51663e-06
0.000141574,0.912683,0.087175
7.01309e-06,0.997086,0.00290664
9.58317e-06,0.996584,0.00340648
0.000121231,0.462436,0.537443
0.000551638,0.0363265,0.963122
2.56798e-10,3.08162e-10,1
2.6483e-09,3.17819e-09,1
0.00031071,0.436827,0.562863
9.28108e-05,0.00873959,0.991168
6.65131e-09,7.98257e-09,1
7.4909e-08,8.99212e-08,1
2.86216e-08,3.4341e-08,1
0.0641182,0.715165,0.220717
0.497257,0.0529322,0.449811
8.16791e-07,9.77934e-07,0.999998
1.6184e-11,1.94206e-11,1
3.33761e-07,4.00862e-07,0.999999
2.12635e-09,2.5518e-09,1
8.75672e-13,1.0508e-12,1
0.944003,0.0052296,0.0507671
0.961511,0.0057393,0.0327494
0.999983,1.01205e-07,1.73723e-05
0.967109,0.0038599,0.029031
0.328826,1.90321e-06,0.671172
0.149689,0.000223296,0.850087
3.52975e-14,3.2881e-14,1
2.44721e-14,2.93396e-14,1
4.91388e-13,5.89667e-13,1
2.44186e-14,2.93023e-14,1
2.44186e-14,2.93023e-14,1
2.92988e-14,3.51586e-14,1
3.58393e-09,2.1943e-09,1
0.303681,0.0824295,0.613889
0.00249408,0.000369905,0.997136
0.0524164,0.000277936,0.947306
0.999956,5.29808e-06,3.85522e-05
0.892712,1.51825e-05,0.107273
0.339644,2.98447e-05,0.660326
3.35627e-08,1.67795e-08,1
0.99908,4.70801e-07,0.000919546
0.999994,5.17373e-06,1.02965e-06
1,1e-07,5.00271e-08
1,1e-07,5e-08
0.44165,1.40068e-06,0.558349
0.944958,1.56644e-06,0.0550401
0.984652,0.000107889,0.0152402
0.999792,7.16094e-08,0.000207824
1,1e-07,2.06625e-07
0.00555811,0.00019369,0.994248
1.14506e-06,1.37164e-06,0.999997
8.55373e-11,7.03688e-11,1
4.70845e-11,5.55299e-11,1
1.53221e-08,7.65927e-09,1
3.71463e-10,1.85743e-10,1
3.50201e-08,1.75408e-08,1
0.0310631,4.90005e-06,0.968932
0.0229684,0.00409328,0.972938
0.062467,0.00779802,0.929735
0.0319682,1.07147e-06,0.968031
0.997613,2.86095e-06,0.00238369
0.999553,1.68962e-07,0.00044688
0.989074,6.24235e-05,0.0108637
9.79864e-05,0.7834,0.216502
9.87146e-11,1.18456e-10,1
2.44186e-14,2.93023e-14,1
2.44186e-14,2.93023e-14,1
2.44186e-14,2.93023e-14,1
2.44188e-14,2.93025e-14,1
6.39668e-12,7.67543e-12,1
1.16413e-11,1.39696e-11,1
0.00426628,0.389772,0.605962
4.38135e-09,5.2581e-09,1
2.31358e-07,2.77598e-07,0.999999
7.23992e-09,8.68904e-09,1
2.93651e-09,3.5241e-09,1
8.25817e-05,0.538261,0.461656
3.72612e-07,0.999331,0.00066905
1.27472e-09,0.999962,3.80876e-05
0.000346138,0.860516,0.139137
7.73347e-05,0.991472,0.00845035
0.0137432,0.854531,0.131725
0.353321,0.343153,0.303526
0.0402202,0.801962,0.157817
0.0424864,0.813108,0.144406
0.129928,0.48274,0.387332
0.115553,0.0448651,0.839582
7.45536e-13,8.94643e-13,1
2.17418e-09,2.60921e-09,1
2.24241e-05,0.00666909,0.993308
1.45276e-09,1.74341e-09,1
0.000421514,0.456302,0.543276
0.0101734,0.0509504,0.938876
0.153659,0.566852,0.279489
2.83033e-05,0.143661,0.856311
8.14773e-05,0.00850465,0.991414
3.56639e-09,4.27942e-09,1
3.92721e-12,4.71265e-12,1
1.26434e-09,1.51715e-09,1
0.000290114,0.0165674,0.983142
1.09709e-05,0.00431555,0.995673
1.43431e-09,1.72106e-09,1
5.4898e-05,0.0104166,0.989529
0.000125447,0.524044,0.475831
5.65178e-11,0.999992,8.22663e-06
4.63817e-05,0.192999,0.806955
3.21355e-05,0.640831,0.359136
0.000172343,0.985174,0.014654
0.0105263,0.976027,0.0134464
0.661981,0.11646,0.221559
0.526407,0.112564,0.361029
0.610852,0.163306,0.225841
0.00806267,0.990549,0.00138879
2.55153e-05,0.995246,0.00472808
1.11838e-09,0.999974,2.61202e-05
1.00155e-07,0.999687,0.000313266
2.58403e-07,0.999449,0.000551069
8.26798e-10,0.999969,3.10719e-05
0.000150812,0.885467,0.114382
0.000585049,0.00254198,0.996873
0.0047551,0.808479,0.186766
5.90423e-11,0.999993,7.04594e-06
1.04816e-13,1,2.0208e-07
0.998772,1.99888e-05,0.00120845
0.994624,0.00186599,0.0035105
0.788517,0.138542,0.0729411
0.736039,0.00545469,0.258506
0.918945,0.00268064,0.0783739
0.00269943,9.09992e-05,0.99721
0.000313613,0.937691,0.0619951
0.048287,0.919804,0.0319093
2.41109e-08,0.999834,0.000166301
0.00854038,0.990013,0.0014463
4.25961e-06,0.997812,0.0021842
3.3518e-07,0.999611,0.000388284
0.944543,0.00802303,0.0474337
0.999509,1.305e-05,0.00047789
0.510851,0.166866,0.322282
0.00997395,0.0691302,0.920896
2.33089e-06,2.79017e-06,0.999995
5.68202e-05,0.187283,0.81266
4.66865e-05,0.992412,0.00754104
1.13285e-08,1.35862e-08,1
2.07053e-10,2.48466e-10,1
1.65315e-06,1.98772e-06,0.999996
1.47585e-06,1.77414e-06,0.999997
0.0017021,0.00131633,0.996982
0.10087,0.000258018,0.898872
0.111416,0.888353,0.000231364
0.999949,5.07971e-05,5.00081e-08
0.919879,0.0650803,0.0150404
0.998886,6.84546e-07,0.00111369
0.999979,1.99888e-05,6.81371e-07
1,9.9251e-08,5.8825e-08
0.325022,0.343631,0.331348
1.12534e-11,0.999998,1.67658e-06
2.37443e-11,0.999998,2.43611e-06
0.000359758,0.0160659,0.983574
0.000263486,0.0037232,0.996013
0.000202164,0.597323,0.402475
0.000563989,0.584752,0.414684
0.0214896,0.00335139,0.975159
0.0182375,0.00296947,0.978793
0.0167654,0.00167313,0.981561
0.000171489,0.0176951,0.982133
0.000341889,0.104711,0.894947
1.90914e-07,2.29224e-07,1
3.51595e-07,0.999357,0.000642785
4.04086e-09,0.999931,6.92796e-05
2.6583e-07,0.999458,0.00054149
1.68125e-05,0.99645,0.00353332
0.0276446,0.211334,0.761021
2.16851e-06,2.59446e-06,0.999995
1.43629e-05,0.0037121,0.996274
0.000232337,0.131347,0.868421
0.000287581,0.980745,0.0189678
0.027761,0.969645,0.00259359
0.326425,0.367406,0.30617
0.0589784,0.931917,0.00910439
0.000822305,0.74223,0.256948
0.000147075,0.339681,0.660172
0.000409535,0.97679,0.0228005
0.00396963,0.195852,0.800179
0.00339505,0.987094,0.00951104
0.00299704,0.0150459,0.981957
1.6642e-07,0.999561,0.000438619
4.78563e-05,0.914209,0.0857435
9.5265e-05,0.919601,0.0803038
0.000859808,0.041192,0.957948
9.0713e-05,0.692252,0.307658
0.000289988,0.0194277,0.980282
0.000275289,0.0148803,0.984844
0.000786016,0.802165,0.197049
1.87548e-05,0.113327,0.886654
7.18545e-08,8.62611e-08,1
1.40186e-07,1.68315e-07,1
1.15375e-08,1.38454e-08,1
0.00078004,0.804096,0.195124
0.000154924,0.986009,0.0138357
0.000111827,0.988134,0.0117543
0.964516,0.0259092,0.00957433
0.960233,0.0163067,0.02346
0.660273,0.289162,0.0505646
0.000840275,0.00157831,0.997581
6.6937e-08,8.03523e-08,1
0.0207924,0.896479,0.0827287
0.111954,0.00293848,0.885108
0.0242858,4.06755e-07,0.975714
2.57417e-09,3.00407e-09,1
0.00142301,2.54662e-05,0.998552
2.4823e-08,2.95701e-08,1
8.72145e-11,1.04659e-10,1
1.88373e-07,0.999524,0.000475735
1.27825e-08,1.53417e-08,1
1.53613e-05,0.00522163,0.994763
0.000128361,0.439195,0.560677
0.000661548,0.812012,0.187326
9.4448e-06,0.735811,0.26418
0.0021439,0.51665,0.481206
0.0163096,0.00578028,0.97791
1.69299e-11,2.02699e-11,1
1.0593e-08,1.271e-08,1
1.18945e-06,1.42537e-06,0.999997
7.0532e-08,8.46119e-08,1
1.03099e-07,1.2367e-07,1
0.00136214,1.11708e-05,0.998627
0.00841997,0.156302,0.835278
1.5637e-06,0.998723,0.00127567
0.193075,0.806606,0.000318815
0.672956,0.325378,0.00166584
0.999887,4.77764e-06,0.000108147
1.68321e-06,0.999892,0.000106429
0.983616,0.00201277,0.014371
0.00611618,0.99236,0.00152395
1.54551e-06,0.999984,1.42725e-05
0.0556254,0.146561,0.797813
0.00880203,0.969732,0.0214661
0.255695,0.168609,0.575696
7.72297e-13,9.26755e-13,1
5.10542e-07,0.999999,9.16445e-07
0.328939,0.306513,0.364548
0.999997,2.0113e-06,1.04124e-06
0.740189,0.00487563,0.254936
0.0502721,0.0125548,0.937173
0.180017,0.0699577,0.750025
0.249307,0.179825,0.570868
0.00812181,0.965082,0.026796
0.0091189,0.0212105,0.969671
0.000468249,0.00494856,0.994583
0.000135262,0.00661867,0.993246
0.000489971,0.00309782,0.996412
0.000277283,0.00521166,0.994511
0.013282,0.940793,0.0459248
0.112599,0.862242,0.025159
0.283935,0.716023,4.247e-05
0.00932816,0.990672,5.18026e-08
0.876334,0.123616,4.9717e-05
0.0116484,0.0839497,0.904402
0.0469108,0.146928,0.806162
0.321613,0.511074,0.167312
0.15483,0.794691,0.0504785
0.000980538,0.998877,0.000142611
2.53916e-11,0.999995,4.97202e-06
1.19224e-08,0.999985,1.50655e-05
0.0578946,0.699293,0.242813
0.00152621,0.0222124,0.976261
0.0023746,0.0707225,0.926903
0.0031239,0.981927,0.014949
0.00614601,0.679239,0.314615
0.00254323,0.0135339,0.983923
0.00386469,0.0137367,0.982399
0.0195097,0.717971,0.26252
0.235421,0.746813,0.0177661
1.53633e-07,1,1.63274e-07
0.0392167,0.858184,0.102599
0.923206,0.0216761,0.0551175
0.102146,0.0507428,0.847111
0.00378177,0.000255494,0.995963
5.59756e-07,6.72375e-07,0.999999
0.0032522,0.192269,0.804478
7.42077e-05,0.00321811,0.996708
0.000143709,0.986517,0.0133391
0.307463,0.255178,0.437359
0.0601156,0.0331165,0.906768
0.0175555,0.762804,0.21964
0.00952281,0.623323,0.367154
0.0417647,0.819194,0.139041
0.0392592,0.297556,0.663184
0.000112875,0.988208,0.0116791
0.00109703,0.577286,0.421617
0.000432632,0.275051,0.724517
5.33984e-10,6.40745e-10,1
0.0211162,0.159218,0.819666
0.0112099,0.761874,0.226916
0.0432837,0.94503,0.0116859
2.57428e-11,0.999995,4.72183e-06
0.185906,0.31435,0.499744
0.0709116,0.0131915,0.915897
0.0724532,0.000282996,0.927264
0.0828036,0.00166157,0.915535
0.00506787,0.00466452,0.990268
0.0974496,0.892765,0.00978519
0.0227307,0.940943,0.0363266
0.41298,0.0116663,0.575353
0.0298427,0.0131995,0.956958
0.0103967,0.000230517,0.989373
0.00259805,0.000565471,0.996836
0.0270577,0.105977,0.866965
3.56993e-08,4.28308e-08,1
0.00026597,0.024214,0.97552
0.000106288,0.900362,0.0995317
7.28774e-05,0.00581382,0.994113
0.0488534,0.137966,0.81318
0.0375918,0.944625,0.0177835
0.000156075,0.986004,0.0138397
9.97326e-10,0.999984,1.64704e-05
0.999601,0.000348735,5.03216e-05
0.999896,5.53854e-08,0.000103858
0.992254,2.87196e-05,0.00771772
0.998506,1.16359e-06,0.00149281
0.99997,2.79202e-05,1.83069e-06
1,1e-07,5.00003e-08
0.999709,0.000278682,1.26183e-05
0.0631668,0.920923,0.0159102
1.85653e-08,2.22829e-08,1
0.0123747,0.235428,0.752197
7.67033e-05,0.0101925,0.989731
4.46844e-12,5.36214e-12,1
0.241608,0.139056,0.619336
0.67987,0.0530837,0.267046
0.00448895,0.000512231,0.994999
0.0124647,0.000307696,0.987228
0.00114445,9.08602e-05,0.998765
0.999386,0.000570661,4.32004e-05
0.107393,0.674482,0.218126
0.988471,0.00664067,0.00488787
0.2809,0.18927,0.52983
0.860395,0.111961,0.0276437
0.993575,8.10357e-05,0.00634445
0.958886,0.00195717,0.0391569
0.99999,9.3662e-06,1.47723e-07
0.969984,0.00876829,0.0212475
0.999924,1.24775e-06,7.49293e-05
0.985851,0.00138816,0.0127606
0.999412,6.01585e-05,0.000527693
0.971828,0.0231905,0.00498139
0.274519,0.725186,0.000294896
0.0662413,0.93321,0.000549127
0.0358917,0.9641,8.46036e-06
1.21538e-08,0.999999,1.15156e-06
0.0051854,0.994802,1.25207e-05
2.94965e-07,0.999655,0.000344914
0.498811,0.481693,0.0194956
0.172403,0.371813,0.455784
0.00178429,0.997964,0.000251402
0.0019012,0.997163,0.000935839
4.57717e-07,0.99989,0.000109811
0.301048,0.648365,0.0505867
0.63149,0.366697,0.00181253
0.0241179,0.961495,0.0143868
0.115638,0.884314,4.81696e-05
0.359467,0.640533,6.84655e-07
0.999878,8.14574e-05,4.03315e-05
0.997841,0.00201942,0.000139418
2.6287e-09,0.999976,2.36279e-05
0.645072,0.305971,0.048957
0.538548,0.218041,0.243412
0.0351476,0.594079,0.370773
0.0455296,0.954029,0.000441165
0.992734,0.0069541,0.000311732
0.978565,0.00189082,0.0195446
0.757004,0.222985,0.020011
0.503789,0.483166,0.0130448
0.295101,0.670805,0.0340932
1.71349e-06,0.999329,0.000669711
0.08156,0.910209,0.00823059
0.0235947,0.976394,1.14514e-05
0.00279616,0.997195,9.11114e-06
0.00176922,0.993016,0.00521444
1.18723e-05,0.998241,0.0017476
1.72158e-07,0.999902,9.79182e-05
3.68995e-08,0.999999,1.36796e-06
4.6581e-09,1,5.2335e-08
0.230064,0.769925,1.08979e-05
0.221205,0.778732,6.33653e-05
0.0045694,0.957942,0.0374885
2.34847e-09,0.99999,1.02317e-05
1.24111e-06,0.999993,5.46761e-06
3.58844e-06,0.998424,0.00157223
6.18417e-07,0.999536,0.000463354
0.0424801,0.952108,0.00541156
0.74133,0.258094,0.000575968
2.50531e-09,1,5.12773e-08
0.0256295,0.974188,0.000182241
0.0203022,0.978432,0.00126538
0.0159907,0.740011,0.243998
1.12985e-05,0.996325,0.00366411
0.575247,0.228577,0.196175
0.540953,0.186994,0.272053
0.998432,0.000387012,0.00118085
0.969286,0.0284951,0.00221885
0.456568,0.543126,0.000306133
0.944105,0.0502317,0.00566309
0.9904,0.00882315,0.00077637
0.0290566,0.969438,0.00150537
0.00226898,0.997536,0.000195189
5.22799e-08,0.999771,0.000228531
0.00227966,0.945267,0.0524534
0.0596598,0.925933,0.0144073
0.00522826,0.986017,0.00875426
2.62233e-06,0.999908,8.9139e-05
0.00922683,0.948519,0.0422539
0.0167581,0.913112,0.0701303
0.0283106,0.971667,2.26276e-05
0.76418,0.235547,0.000273898
0.760027,0.239949,2.39401e-05
0.944941,0.0517226,0.00333662
0.997765,0.0012896,0.000945517
0.721089,0.271858,0.0070534
0.497368,0.053828,0.448804
0.956077,0.0160394,0.0278833
0.928491,0.00897855,0.0625303
0.974688,0.00257385,0.0227384
0.636006,0.125446,0.238548
0.767897,0.230713,0.00138979
0.0941529,0.90583,1.70224e-05
0.000171924,0.993216,0.00661192
0.923762,0.0642457,0.011992
0.661046,0.312684,0.0262701
0.1274,0.0233131,0.849287
1,1e-07,5e-08
1,1e-07,5e-08
0.999999,3.364e-07,2.08844e-07
0.999959,4.05851e-05,3.68136e-07
0.994327,0.0056524,2.09856e-05
0.999923,7.71926e-05,5e-08
0.719645,0.280335,2.01957e-05
0.00803312,0.977552,0.0144151
6.31391e-05,0.994921,0.00501588
4.19796e-09,0.999959,4.13703e-05
1.5261e-05,0.995782,0.0042027
1.36166e-10,0.99999,9.67282e-06
1.74153e-06,0.999997,9.28915e-07
0.719825,0.220048,0.0601267
0.300022,0.647216,0.0527619
0.806451,0.108856,0.0846935
0.484304,0.477409,0.0382874
0.204742,0.664839,0.130419
0.0102804,0.984441,0.00527891
0.201957,0.77815,0.0198934
0.173786,0.82503,0.00118421
0.665814,0.274031,0.0601549
0.1043,0.0703311,0.825369
0.20664,0.534184,0.259176
0.377455,0.000240852,0.622304
0.0690212,0.00986301,0.921116
0.242825,0.249979,0.507196
4.73061e-09,0.999966,3.41619e-05
0.0146334,0.982866,0.00250093
1.16962e-09,0.999987,1.33674e-05
0.00220889,0.515473,0.482318
0.0635657,0.0528483,0.883586
0.121829,0.200222,0.677949
0.00105118,0.962967,0.0359818
0.0105412,0.987439,0.00202026
0.75926,0.234794,0.00594549
7.80248e-09,0.999954,4.59682e-05
0.00122162,0.961438,0.03734
0.0253013,0.966918,0.00778046
2.75341e-09,0.99995,4.98218e-05
0.00020951,0.984615,0.015176
0.00024337,0.983375,0.0163821
7.87254e-05,0.99033,0.00959117
0.0262071,0.0851411,0.888652
0.0519287,0.78924,0.158831
0.255609,0.734122,0.0102688
0.0355266,0.96444,3.31174e-05
0.997417,0.00258083,2.2554e-06
0.284246,0.715753,5.29385e-07
0.235233,0.764762,4.74971e-06
0.980532,0.0160692,0.00339927
0.346179,0.653371,0.000450004
0.14471,0.855219,7.11135e-05
0.698571,0.294032,0.00739733
0.712029,0.267353,0.020618
0.970116,0.00386841,0.0260152
0.976172,0.0222758,0.00155215
0.396691,0.586624,0.0166853
0.556299,0.248417,0.195284
0.211172,0.133983,0.654845
5.83539e-07,0.99962,0.000379797
2.86842e-08,0.999998,2.02373e-06
3.89121e-09,0.999998,1.62446e-06
0.584192,0.415673,0.000134693
0.224086,0.775494,0.000420916
1.82456e-07,0.999973,2.70066e-05
1.76307e-08,0.999988,1.20984e-05
0.640462,0.357946,0.00159261
0.533656,0.463814,0.00252958
0.229537,0.769761,0.000702235
0.993437,0.00593633,0.000626629
0.96882,0.0310319,0.000148315
0.995613,0.00272848,0.00165876
0.891133,0.107814,0.00105324
1.29478e-09,1,5.76465e-08
0.885593,0.111564,0.00284288
0.0476523,0.951865,0.000482625
0.100512,0.89255,0.00693877
0.00220224,0.997711,8.65622e-05
0.0141954,0.980775,0.00502978
0.880343,0.028284,0.0913731
0.0491046,0.940643,0.0102522
0.00491212,0.993918,0.00116997
2.92143e-07,0.999981,1.90882e-05
2.86372e-06,0.998837,0.00116057
0.00654115,0.983082,0.010377
0.00216012,0.995858,0.00198219
0.0916411,0.159102,0.749257
0.299563,0.287221,0.413216
0.25789,0.623773,0.118337
0.334231,0.301684,0.364085
0.00506881,0.987884,0.00704674
0.694847,0.304522,0.000631138
0.999344,0.000492755,0.000163146
0.996203,0.00339486,0.0004019
0.988996,0.00940692,0.00159739
0.991056,0.000621159,0.00832239
0.694141,0.304921,0.000937684
0.00844998,0.991379,0.000171283
0.0907314,0.0334593,0.875809
0.161655,0.0536356,0.784709
0.148051,0.807492,0.0444573
0.595824,0.000889995,0.403286
0.0934,0.52612,0.38048
0.686652,0.307901,0.00544654
0.367003,0.632478,0.00051934
0.00273794,0.997086,0.000175719
0.140143,0.514225,0.345632
0.0112289,0.932521,0.0562503
0.00735771,0.958891,0.0337515
0.0024266,0.985166,0.0124074
0.418009,0.502771,0.0792195
0.0581841,0.935927,0.00588896
0.180328,0.802024,0.0176485
2.71212e-07,0.999677,0.000322905
0.0121926,0.946517,0.0412907
0.00214288,0.973455,0.024402
3.98013e-07,0.999824,0.000175565
0.327917,0.671993,8.97468e-05
0.0535889,0.946287,0.000123904
8.88711e-07,0.999999,4.93033e-07
0.00732193,0.992672,5.8805e-06
0.992557,0.00733807,0.000104892
8.66443e-06,0.998544,0.00144732
8.2539e-06,0.998496,0.00149568
2.06419e-05,0.997641,0.00233854
0.00740265,0.989046,0.00355158
0.108819,0.891017,0.000164323
0.924782,0.0751708,4.67085e-05
0.0920616,0.907914,2.48783e-05
0.887281,0.107009,0.00571042
0.972658,0.0268376,0.000504207
0.786587,0.207456,0.00595695
0.26937,0.726163,0.00446714
0.00397805,0.996,2.21819e-05
1.2847e-06,0.999998,9.63965e-07
0.010427,0.989543,2.99677e-05
0.589004,0.410249,0.000747636
0.0252508,0.974377,0.000372615
0.0339748,0.966013,1.21922e-05
0.945356,0.053598,0.00104579
0.783903,0.21143,0.00466731
0.867412,0.131799,0.000788498
0.246739,0.743612,0.00964935
0.38111,0.568266,0.0506243
0.716696,0.104778,0.178526
0.901352,0.014783,0.083865
0.815977,0.0519511,0.132072
0.20488,0.725876,0.0692436
0.211234,0.778837,0.00992929
1.92076e-08,0.999981,1.85526e-05
0.013176,0.985483,0.00134151
0.563545,0.434713,0.00174129
0.983972,0.0120519,0.00397634
0.269955,0.730041,4.07042e-06
0.0352024,0.964725,7.25449e-05
0.310205,0.689723,7.13733e-05
0.296233,0.622931,0.0808358
0.0730671,0.918527,0.0084061
0.0264902,0.969383,0.00412682
0.00147616,0.997815,0.000709049
5.57273e-07,0.999228,0.000771532
0.0360399,0.961311,0.00264918
0.975552,0.0242636,0.000184366
0.990112,0.00985052,3.77485e-05
0.947303,0.0525494,0.000147305
0.213552,0.774341,0.0121073
0.113667,0.88466,0.00167362
1.69082e-07,0.999999,1.25077e-06
0.33038,0.665775,0.00384558
0.40201,0.597688,0.000302109
0.999018,0.000929075,5.26653e-05
0.998835,5.45204e-06,0.00115946
0.999934,2.97851e-07,6.61683e-05
0.389681,0.570499,0.0398194
0.0215557,0.968679,0.00976551
1.87852e-08,0.999996,3.69324e-06
4.38504e-12,1,5.5509e-08
1.82509e-07,1,1.88062e-07
0.00364445,0.996351,4.39423e-06
1.53328e-06,0.999995,3.37259e-06
0.00340589,0.996593,1.04096e-06
0.116837,0.882946,0.000217391
0.410954,0.587625,0.00142091
2.22392e-06,0.999983,1.52601e-05
0.995299,0.00387408,0.000827307
0.237108,0.761197,0.00169575
0.598462,0.396657,0.00488122
0.966349,0.0272269,0.00642421
0.983376,0.0010084,0.0156159
0.0299584,0.866143,0.103898
0.914827,0.0836394,0.00153381
0.972053,0.0191784,0.00876904
0.999856,5.98302e-06,0.000137965
0.999911,1.09826e-05,7.76366e-05
0.994936,0.0035519,0.00151198
0.99073,0.00162139,0.00764864
0.0327113,0.964473,0.00281607
0.105423,0.893643,0.0009335
0.0374657,0.961996,0.000538417
2.10152e-06,0.999992,5.46408e-06
6.7075e-08,1,4.24958e-07
2.18055e-08,0.999999,5.12965e-07
0.0688261,0.931105,6.89378e-05
0.85318,0.146809,1.12327e-05
0.999806,0.000155849,3.83654e-05
0.0516578,0.944152,0.00418977
0.0143381,0.985659,3.3478e-06
0.0287163,0.96892,0.00236405
0.0443861,0.955612,1.83561e-06
0.520623,0.476973,0.00240399
0.995565,0.00436322,7.16404e-05
0.00500216,0.994993,5.28282e-06
0.152238,0.843737,0.00402514
0.195127,0.804003,0.000870354
0.00842634,0.991468,0.000105989
0.0108889,0.988952,0.000158825
0.244615,0.748204,0.00718075
0.900028,0.0575621,0.0424097
0.00503884,0.994847,0.000113953
0.00172648,0.998215,5.8884e-05
6.0025e-07,0.999999,6.96805e-07
0.218667,0.745092,0.0362413
0.993478,0.00129428,0.00522731
0.995699,6.18506e-05,0.0042394
0.971049,0.00383363,0.0251172
0.98291,0.00096031,0.01613
0.888097,0.091988,0.0199155
0.949688,0.00267955,0.0476325
0.910647,0.0812783,0.00807431
0.00936254,0.972055,0.0185821
0.107328,0.886897,0.00577525
0.00284462,0.997123,3.24392e-05
0.99385,0.00551202,0.00063787
0.989932,0.00968417,0.000383351
0.995669,0.00304818,0.00128241
0.95777,0.00732924,0.0349011
0.744535,0.250398,0.00506771
0.662835,0.334032,0.00313304
0.0535135,0.935633,0.0108537
0.00418856,0.994006,0.00180521
0.0165958,0.867179,0.116226
0.577823,0.409132,0.0130451
0.0275186,0.972153,0.000327957
0.943029,0.0511823,0.00578839
0.971764,0.00305312,0.0251828
0.457099,0.242729,0.300172
0.00373374,0.906452,0.0898141
0.00377206,0.969184,0.0270436
9.90378e-06,0.998412,0.0015785
0.0673834,0.894611,0.038006
0.715652,0.186139,0.0982093
0.0324564,0.967418,0.000125601
0.141017,0.858871,0.000112129
0.0437164,0.956225,5.8399e-05
0.258081,0.741033,0.00088566
0.510408,0.486879,0.00271309
0.65766,0.342046,0.000294179
0.828035,0.171738,0.00022715
0.788664,0.0534112,0.157925
0.00812125,0.976025,0.0158538
0.0151043,0.440598,0.544298
0.023666,0.0688095,0.907525
7.38065e-05,0.945916,0.0540104
0.00376031,0.995989,0.00025046
0.104344,0.894956,0.000700356
0.0966067,0.899065,0.00432877
0.00939256,0.990094,0.000513891
0.328641,0.669721,0.00163863
0.980335,0.0189056,0.000759473
0.929336,0.0692915,0.00137221
0.0130406,0.986884,7.49645e-05
0.998644,0.0013117,4.45554e-05
0.99992,5.91206e-06,7.44628e-05
0.98767,0.000603892,0.0117263
0.997603,0.00043233,0.00196421
0.975295,0.0229703,0.00173458
0.978845,0.0176002,0.00355504
0.822371,0.172499,0.00512968
0.103453,0.890237,0.00630937
0.176887,0.341601,0.481512
0.00484114,0.955576,0.0395827
0.00562385,0.993421,0.000954667
0.0129086,0.986982,0.000109005
0.0141241,0.985615,0.000260622
4.0799e-08,0.999993,7.30261e-06
0.25836,0.726684,0.0149556
0.460218,0.491579,0.0482024
1.24715e-06,0.999998,6.87675e-07
0.178376,0.429264,0.39236
1.43738e-10,0.999994,6.04894e-06
7.65983e-05,0.995431,0.00449212
0.000241018,0.991625,0.00813442
2.30993e-06,0.99923,0.000767516
0.0363619,0.808263,0.155376
2.0739e-05,0.997617,0.00236202
6.5057e-08,0.999836,0.00016408
4.78584e-08,0.99999,9.76274e-06
0.53965,0.418555,0.041795
0.821005,0.169262,0.00973244
0.910288,0.0165324,0.0731798
0.565806,0.422494,0.0116998
0.975827,0.014565,0.0096078
0.999907,8.78261e-05,4.88401e-06
0.998675,0.00130653,1.89252e-05
0.999219,0.000779961,1.12633e-06
0.917492,0.0824803,2.75163e-05
0.935585,0.0643378,7.70145e-05
0.996063,0.00393274,4.48322e-06
0.992973,0.00702582,9.87341e-07
0.168424,0.821735,0.00984107
0.891467,0.107671,0.000861754
0.128548,0.870884,0.000568376
1.95391e-07,0.999998,2.08397e-06
0.00647804,0.993499,2.3186e-05
0.509853,0.472144,0.0180032
0.0704588,0.914446,0.015095
0.840008,0.143614,0.0163771
0.959716,0.0126974,0.0275861
0.990992,0.000363638,0.00864429
0.00251276,0.997467,1.99069e-05
0.537921,0.168421,0.293658
0.670618,0.000569976,0.328812
0.00235681,0.135761,0.861883
1.6471e-08,0.999988,1.15016e-05
0.11013,0.884211,0.00565918
0.960679,0.00271163,0.0366096
0.999877,1.0209e-05,0.000112752
0.998707,0.00124385,4.86842e-05
0.997375,0.00260017,2.51265e-05
1,1e-07,5e-08
0.999962,3.7569e-05,5e-08
0.999996,4.14318e-06,5e-08
0.995921,0.00407851,5.04031e-08
0.999998,1.69983e-06,8.99093e-08
0.999949,1.00415e-05,4.14166e-05
0.989119,0.0108064,7.49367e-05
0.270673,0.314396,0.41493
0.19964,0.442102,0.358258
4.74601e-06,0.998694,0.00130125
0.169859,0.806464,0.0236767
0.0020603,0.997393,0.000546571
9.59564e-08,0.99969,0.00031036
7.69345e-07,0.999952,4.69783e-05
0.00377974,0.95603,0.0401902
0.13916,0.848291,0.0125495
0.024324,0.962801,0.0128751
0.235379,0.705287,0.0593331
0.922443,0.0295085,0.0480483
0.0131555,0.974398,0.0124461
0.204372,0.777889,0.0177387
0.624938,0.374321,0.000740872
0.149787,0.831599,0.018614
0.720964,0.273036,0.0059999
0.00901508,0.990671,0.000313926
0.0192414,0.980488,0.000270691
0.881096,0.118574,0.000329508
0.754966,0.244962,7.1756e-05
0.109496,0.890475,2.97022e-05
0.823194,0.175206,0.00160002
0.0327425,0.96503,0.00222711
1.15545e-09,0.999985,1.50606e-05
1.42028e-06,0.999998,7.62998e-07
0.13818,0.858997,0.00282344
0.312205,0.685065,0.00273024
0.10263,0.897091,0.000278771
0.555814,0.443771,0.000414919
0.826447,0.171996,0.00155712
0.901181,0.0981105,0.000708758
0.0329826,0.966875,0.000142255
0.0134467,0.986398,0.000155506
3.9218e-10,0.999997,3.44175e-06
2.56139e-07,0.999979,2.06709e-05
0.00340548,0.985825,0.0107697
0.414062,0.54215,0.043788
0.935267,0.0319137,0.0328189
0.825243,0.0877108,0.0870464
0.0438743,0.956052,7.35366e-05
0.994444,0.00503083,0.000524946
0.999968,9.33908e-06,2.29741e-05
0.999979,1.95092e-05,1.42478e-06
0.992548,0.0069885,0.000463934
0.996529,0.00147212,0.00199897
0.750943,0.244068,0.00498987
9.22011e-14,1,1.49682e-07
1.29257e-06,0.999998,6.94855e-07
5.80202e-11,0.999999,1.06855e-06
1.23119e-06,0.999998,6.63319e-07
0.0680167,0.9318,0.000183453
0.0252478,0.974741,1.07444e-05
0.00304927,0.996704,0.000247091
0.994273,0.00472868,0.000998756
0.186578,0.810144,0.00327861
0.8361,0.161889,0.00201112
0.885941,0.113539,0.000519723
0.999944,3.21703e-05,2.3651e-05
0.433735,0.566074,0.000190713
0.988669,0.00731369,0.00401724
0.271075,0.717024,0.0119014
0.686366,0.313554,7.95394e-05
0.179217,0.769868,0.0509147
7.32849e-08,0.999862,0.000138051
0.0173413,0.982639,2.00602e-05
3.1057e-07,0.999999,1.06939e-06
2.24766e-08,0.999999,6.08977e-07
0.98595,0.0140024,4.72567e-05
0.992805,0.00706853,0.00012667
0.961799,0.0381499,5.13292e-05
0.99892,0.00107594,4.05923e-06
0.957272,0.0423307,0.000397742
0.997674,2.32455e-05,0.00230251
0.961262,0.00394228,0.0347956
0.962857,0.0113867,0.0257564
0.98982,0.00153326,0.00864669
0.523677,0.475942,0.000380931
0.0596653,0.939983,0.000351642
0.924157,0.075053,0.000790275
0.999641,0.000305401,5.33463e-05
0.999982,1.58356e-05,2.17417e-06
0.952474,0.047507,1.85666e-05
0.731111,0.268489,0.00040024
0.00189098,0.998107,1.89025e-06
0.00236501,0.997628,6.52131e-06
0.984909,0.0149065,0.000184115
0.2281,0.771824,7.65885e-05
0.508348,0.490412,0.00124027
0.718203,0.281344,0.000453316
0.934697,0.062571,0.00273211
0.274153,0.721297,0.0045494
0.170987,0.805966,0.023047
0.21882,0.738353,0.0428267
0.0828054,0.917178,1.63555e-05
0.999269,8.55822e-05,0.000645007
0.929708,0.0602461,0.0100455
0.96993,0.0292353,0.000834945
0.979065,0.0198034,0.00113156
0.999153,0.000646193,0.000201139
0.999819,6.33936e-05,0.000117829
0.998722,0.00112357,0.000154351
0.984403,0.0142857,0.0013115
0.993657,0.00619172,0.000150919
0.999968,3.11847e-05,9.88313e-07
0.999997,2.23055e-06,4.38516e-07
0.986917,0.0130026,8.02642e-05
0.732232,0.2672,0.000567108
0.992014,0.00773199,0.00025414
0.95964,0.0377897,0.00257006
0.51931,0.470487,0.0102031
0.97598,0.0236559,0.000364146
0.899211,0.100564,0.000224994
0.0576216,0.942291,8.69601e-05
0.2956,0.694183,0.010217
0.132979,0.866789,0.00023181
6.55187e-08,1,8.27611e-08
0.0216325,0.978286,8.10376e-05
0.147341,0.852036,0.000623272
0.989464,0.00688216,0.00365396
0.837665,0.157316,0.00501838
0.98986,0.00437983,0.00575996
0.996752,0.00264353,0.000604327
0.999906,2.051e-05,7.35681e-05
0.970884,0.0285643,0.000552143
0.7509,0.24883,0.000270121
0.879247,0.120682,7.15929e-05
0.999567,8.29492e-05,0.000349694
0.745118,0.250447,0.00443446
0.0549174,0.89161,0.0534725
0.00712843,0.992264,0.000607543
0.00826765,0.970424,0.0213084
0.00259175,0.989075,0.00833321
1.11644e-06,0.9999,9.92951e-05
0.013906,0.985852,0.000241784
0.00234942,0.98814,0.00951092
0.548618,0.442355,0.00902735
0.205919,0.792418,0.00166275
0.0831146,0.916875,1.02903e-05
0.0466237,0.95337,5.76099e-06
0.999962,1.41767e-06,3.65738e-05
0.99994,6.16797e-06,5.4257e-05
0.999997,1.00037e-07,3.04911e-06
0.0820225,0.916293,0.00168416
1.23642e-07,0.999822,0.00017758
0.182863,0.816064,0.00107251
0.19442,0.792664,0.0129162
0.340469,0.650729,0.00880144
0.16012,0.824707,0.0151731
0.0255223,0.971856,0.00262162
0.998262,0.00129683,0.000441589
0.0985445,0.889461,0.0119943
0.00608322,0.987313,0.00660377
0.499365,0.436367,0.0642688
0.0034211,0.991822,0.00475729
0.027678,0.516217,0.456105
0.834072,0.156083,0.00984439
0.0653981,0.932786,0.00181573
0.698755,0.257113,0.044132
0.138058,0.855215,0.00672627
0.722437,0.207579,0.069984
1.01989e-06,0.999998,1.00434e-06
8.66285e-07,0.9999,9.88548e-05
6.36375e-12,1,6.16116e-08
0.136801,0.862525,0.000674098
1.22965e-06,0.999998,6.78291e-07
0.00461503,0.995295,8.95111e-05
0.918991,0.0804489,0.000560558
0.999727,0.000234186,3.83776e-05
0.995282,0.00284622,0.00187217
0.998926,0.000692311,0.000381924
0.919321,0.0801238,0.000554715
0.856011,0.140863,0.00312582
0.90798,0.0919783,4.16165e-05
0.821085,0.178742,0.00017294
0.999952,4.64082e-05,1.4554e-06
0.999792,0.000118194,9.02637e-05
0.979474,0.00822914,0.0122971
0.605558,0.369096,0.0253453
0.0899673,0.731093,0.178939
3.94649e-06,0.998927,0.00106875
0.164175,0.835485,0.000339758
0.99956,0.000331229,0.000109248
0.999856,2.13804e-05,0.000122498
0.997762,0.0020731,0.000165207
0.051297,0.948657,4.62319e-05
0.184858,0.813762,0.00137956
0.971897,0.0264777,0.00162484
0.979001,0.0199196,0.00107915
0.0437196,0.943054,0.0132266
0.068073,0.19006,0.741867
5.82649e-07,0.999843,0.00015667
0.008962,0.988804,0.00223438
0.0683739,0.926336,0.0052905
0.276772,0.551117,0.172111
0.612154,0.161288,0.226558
0.0794935,0.919039,0.00146735
0.0753964,0.922295,0.00230865
0.055286,0.944655,5.89509e-05
0.876846,0.121837,0.00131748
0.553176,0.446693,0.000131269
0.819813,0.179015,0.00117247
0.99626,0.00363848,0.00010181
0.127277,0.75661,0.116112
0.859482,0.117311,0.0232073
0.962908,0.0271484,0.00994377
0.998859,0.000109843,0.00103085
0.925744,0.0741474,0.000108632
0.999713,1.13947e-05,0.000275347
0.997398,8.92134e-05,0.00251229
0.907547,0.0924388,1.46576e-05
0.999999,1.34139e-06,5e-08
0.999922,7.82163e-05,5e-08
0.999882,0.000117728,5.00557e-08
0.992222,0.00777738,3.34483e-07
0.17183,0.828169,6.74535e-07
0.997989,0.00201088,5.00238e-08
0.070316,0.92968,3.5798e-06
0.919198,0.0808003,2.04762e-06
0.158974,0.840513,0.000512494
0.768946,0.22903,0.0020237
0.762721,0.228987,0.00829223
0.184895,0.384236,0.430869
0.116579,0.880985,0.00243573
0.157206,0.837335,0.00545878
0.988256,0.000136726,0.0116071
0.155172,0.000551681,0.844276
0.585785,0.0545272,0.359688
0.00923504,0.0012312,0.989534
2.63638e-06,0.999884,0.000113088
0.0931742,0.905041,0.00178449
0.09634,0.897865,0.00579526
0.996654,0.00330253,4.29986e-05
0.984125,0.00106411,0.0148111
0.999549,1.88508e-06,0.00044918
0.855932,0.00159202,0.142476
0.094316,0.902971,0.00271342
0.0937447,0.812742,0.093513
0.9755,0.021047,0.00345249
0.620182,0.377798,0.00202049
0.567153,0.286085,0.146762
0.995234,0.00464401,0.000121846
0.0254581,0.881267,0.0932748
0.169194,0.567045,0.263762
0.491636,0.504634,0.00373056
0.0904827,0.908948,0.000568927
0.587581,0.406414,0.00600537
0.579509,0.420064,0.000426574
0.245546,0.754334,0.000120412
6.20227e-09,1,2.3131e-07
0.517609,0.482235,0.000155867
0.999837,0.000106464,5.63494e-05
0.992533,0.00668137,0.000786124
0.997969,0.000744023,0.00128652
0.999739,0.000231014,3.03021e-05
0.941653,0.0583405,6.97853e-06
0.970955,0.028742,0.00030347
0.963111,0.0339615,0.00292755
0.544985,0.438433,0.016582
0.12366,0.376337,0.500003
2.56264e-06,0.999383,0.000613954
0.984458,0.00677847,0.00876356
0.994364,0.00128287,0.00435352
0.116504,0.865054,0.0184423
0.628681,0.0394403,0.331879
0.599872,0.0244453,0.375683
0.995744,0.00407117,0.000184728
0.998405,0.00136874,0.000226132
0.998289,2.87747e-05,0.00168255
0.988471,0.0114136,0.000115368
0.996775,0.0032124,1.25259e-05
0.917093,0.0829042,2.6416e-06
0.00198084,0.973881,0.0241382
3.05515e-05,0.997159,0.00281017
2.36796e-06,0.99996,3.77259e-05
0.0212436,0.896099,0.0826573
0.863601,0.0888622,0.0475366
0.999636,0.000259858,0.000104554
0.831402,0.130991,0.0376068
0.333682,0.315632,0.350687
0.00927442,0.990724,1.27254e-06
0.239879,0.760121,5.51345e-07
0.609302,0.390635,6.31238e-05
0.785928,0.214029,4.25268e-05
0.997582,0.00237356,4.47611e-05
0.99941,0.000523058,6.7153e-05
0.0203797,0.979231,0.000388925
0.989888,0.000915159,0.00919703
0.998604,0.000463237,0.0009329
0.805449,0.124521,0.0700307
0.0234481,0.972568,0.00398363
0.235715,0.764201,8.37572e-05
0.211305,0.788694,1.19221e-06
0.418339,0.581528,0.000133467
1.92192e-07,0.999986,1.34549e-05
3.18092e-08,1,1.02181e-07
0.233115,0.743481,0.0234042
0.389812,0.60761,0.00257762
0.881951,0.117061,0.000987851
0.675756,0.323489,0.000755265
0.501534,0.342469,0.155997
0.679696,0.234413,0.0858913
0.928353,0.0695387,0.00210781
0.988691,0.00142873,0.00987988
0.999945,4.85106e-06,4.97226e-05
0.996594,0.00299849,0.000407237
0.716082,0.282255,0.00166313
0.478504,0.520931,0.000564979
0.991936,0.00799491,6.87366e-05
0.98922,0.0107696,1.04094e-05
0.998506,0.000516565,0.000977435
0.992334,0.000831751,0.00683447
0.702446,0.0335913,0.263962
0.743511,0.120912,0.135576
0.0312876,0.968662,5.05237e-05
0.997447,0.00248872,6.44497e-05
0.462608,0.534839,0.00255321
0.00436481,0.994854,0.000781261
0.16738,0.741241,0.0913786
0.00343331,0.996357,0.000209918
0.167887,0.30278,0.529333
2.97847e-06,0.999037,0.00095956
0.0911027,0.89791,0.0109877
0.957127,0.0378902,0.00498276
1.91378e-06,0.999993,4.61151e-06
0.627324,0.372553,0.000123139
0.0385586,0.961184,0.000257063
2.78787e-06,0.999996,1.44918e-06
7.75309e-07,0.999999,4.39374e-07
0.00783209,0.992092,7.61119e-05
1.04876e-11,1,2.23938e-07
2.13183e-06,0.999808,0.000189592
0.0141294,0.985126,0.000744317
0.711907,0.242884,0.045209
0.98567,0.0037053,0.0106244
0.998978,5.00205e-06,0.001017
0.976731,0.0212673,0.00200125
0.992112,0.0005865,0.00730194
0.999973,1.15711e-06,2.63345e-05
0.998815,0.000619218,0.000565995
0.471986,0.518858,0.00915602
0.854789,0.120992,0.0242193
0.990303,0.0095008,0.000196575
0.231083,0.768547,0.000369561
0.02525,0.895724,0.0790262
0.718723,0.244788,0.036489
0.581119,0.0704631,0.348418
0.964579,0.00562709,0.029794
0.449217,0.530394,0.0203881
0.128023,0.871546,0.000430702
0.214367,0.784269,0.00136387
0.999042,2.98632e-05,0.000927928
0.992624,0.000199127,0.00717707
0.998956,3.18793e-06,0.00104094
0.950146,0.00638244,0.0434719
0.771522,0.00478141,0.223697
0.990409,6.13567e-05,0.00952966
0.998142,1.48987e-05,0.00184341
0.992557,0.000204247,0.00723917
0.898148,0.0159117,0.08594
0.996476,0.00314174,0.00038176
0.999528,0.000421929,4.96846e-05
0.999215,0.000389172,0.000396189
0.998875,0.000996931,0.000128227
0.0989505,0.703528,0.197521
0.13681,0.859352,0.00383774
5.31301e-07,0.999967,3.27319e-05
3.06677e-12,1,4.22793e-07
0.882106,0.115059,0.00283494
0.988281,0.00933495,0.00238412
0.00164272,0.977335,0.0210219
0.0696743,0.927297,0.00302856
0.620507,0.329453,0.0500398
0.981857,0.0175186,0.000623927
0.286401,0.712967,0.000632628
0.56785,0.427645,0.004505
0.927256,0.0671096,0.00563467
0.981721,0.00211441,0.0161641
0.928023,0.0225327,0.0494447
0.773163,0.226617,0.000219563
0.776829,0.220183,0.00298799
0.905811,0.065284,0.0289052
0.621213,0.0779284,0.300858
0.0122495,0.920423,0.0673277
0.00201212,0.997566,0.000422176
0.707475,0.185057,0.107468
0.34138,0.646473,0.0121469
0.163452,0.834333,0.00221574
0.970965,0.0275033,0.00153125
0.945228,0.0477331,0.00703912
0.99946,0.000132885,0.000407323
0.999062,0.000415966,0.000521759
0.944659,0.0530477,0.00229358
0.445773,0.521671,0.0325562
0.014762,0.942445,0.0427925
7.04986e-06,0.998649,0.001344
0.0718451,0.928044,0.00011046
0.992012,0.00790706,8.09583e-05
0.993192,0.00619913,0.000609307
0.944108,0.0369007,0.0189911
0.842876,0.152291,0.00483291
0.732793,0.259766,0.00744089
0.522211,0.463594,0.0141951
0.0338295,0.961809,0.00436117
0.00246716,0.995414,0.0021184
0.00424092,0.995572,0.000187383
0.93322,0.00771226,0.0590682
0.809674,0.0447531,0.145573
0.991059,0.00245216,0.00648852
0.848517,0.12729,0.0241934
0.253615,0.739635,0.0067505
0.946118,0.0496842,0.00419768
0.299318,0.700432,0.000249598
0.333494,0.662516,0.00399
0.848775,0.149216,0.00200873
5.95269e-07,0.999994,5.56894e-06
0.631467,0.367719,0.000813627
0.832606,0.164946,0.00244848
0.998681,0.000480906,0.0008376
9.05975e-08,1,2.3728e-07
0.352,0.308696,0.339304
0.388639,0.381169,0.230192
0.706257,0.0736321,0.220111
0.402793,0.454358,0.142849
0.998117,6.21559e-05,0.00182125
0.900434,0.0809829,0.0185831
0.997584,0.000175509,0.00224013
0.818038,0.0434695,0.138493
0.216446,0.775099,0.00845517
0.99864,0.000370266,0.000989993
0.972226,0.0268796,0.000894793
0.566089,0.433451,0.000459593
0.0515364,0.948457,6.70447e-06
0.682491,0.317481,2.78489e-05
0.999976,1.62302e-05,7.40896e-06
0.999892,1.0679e-05,9.70991e-05
0.992558,0.00629297,0.00114918
0.933398,0.0660068,0.000595667
0.993234,0.00548583,0.00127972
0.12274,0.873975,0.0032847
0.418273,0.554326,0.0274005
0.0772809,0.922304,0.000415221
0.459947,0.539646,0.000406832
0.0213141,0.978684,1.46672e-06
0.538558,0.461271,0.000170163
0.993776,0.00622322,1.19552e-06
5.33854e-09,0.999999,5.02093e-07
0.970969,0.028907,0.000123583
0.0454498,0.954523,2.73975e-05
0.00214362,0.997856,2.52504e-07
0.00645435,0.993486,5.95372e-05
0.00478646,0.994753,0.000460353
8.87037e-07,0.999947,5.16703e-05
0.0644265,0.935071,0.000502752
0.813035,0.176399,0.0105663
0.00934733,0.98547,0.0051822
0.233658,0.764843,0.00149842
0.923177,0.0764794,0.000343177
0.999276,0.000629094,9.46755e-05
0.998949,0.000920978,0.000130046
0.860633,0.138421,0.000945726
0.996238,0.00354396,0.000218513
0.0131829,0.986692,0.00012493
0.00801046,0.990426,0.00156348
0.275305,0.71846,0.00623494
1.07798e-05,0.998046,0.00194305
3.90184e-08,0.999901,9.92206e-05
0.0218246,0.671709,0.306466
0.144292,0.606073,0.249635
0.039522,0.277649,0.682829
0.00360458,0.995833,0.000562487
0.00449535,0.995474,3.02805e-05
0.0741977,0.925762,4.04693e-05
0.122409,0.877357,0.000234425
0.19368,0.806084,0.00023647
0.519554,0.479928,0.000517292
0.108053,0.891912,3.47965e-05
0.824026,0.174644,0.00133037
0.28807,0.706719,0.00521113
0.648821,0.350761,0.000417538
0.923885,0.0660253,0.0100897
0.173605,0.819325,0.00706963
0.0638204,0.935336,0.000843801
0.263198,0.736761,4.14197e-05
0.993906,0.00490506,0.00118919
0.997418,0.000422568,0.00215972
0.849279,0.136772,0.0139492
0.00338649,0.996415,0.000198232
0.408614,0.585772,0.00561364
0.343692,0.394035,0.262273
0.999015,0.000365355,0.000619318
0.98285,0.0166337,0.000515872
0.992368,0.00696168,0.00067035
0.999896,4.00051e-06,0.00010045
0.99796,0.00153587,0.000503928
0.986283,0.0136691,4.77886e-05
0.389535,0.610463,2.62073e-06
0.996234,0.00376559,6.29116e-07
0.955808,0.0441905,1.64483e-06
0.656303,0.343661,3.5539e-05
0.126355,0.873614,3.07436e-05
0.454776,0.544952,0.000271812
0.280757,0.334096,0.385147
0.272676,0.707362,0.0199622
0.0199746,0.979896,0.000129619
0.99829,0.000308219,0.00140169
0.15368,0.531656,0.314664
0.473181,0.000648157,0.526171
0.296442,0.0387051,0.664853
0.0396853,0.0117581,0.948557
0.0256198,0.0818222,0.892558
3.27727e-08,0.999999,1.05084e-06
0.015275,0.984591,0.000133573
3.71978e-08,1,6.85985e-08
0.992049,0.00774772,0.000202819
3.59493e-08,0.99994,6.00517e-05
0.821366,0.169463,0.00917108
0.817586,0.157032,0.0253816
0.0696706,0.930323,6.75126e-06
0.0110022,0.988994,3.91528e-06
2.67009e-07,0.99974,0.00025982
0.0647543,0.488727,0.446519
0.0856191,0.745196,0.169185
2.57936e-06,0.999938,5.93302e-05
4.48738e-05,0.995656,0.00429935
0.0465883,0.0536041,0.899808
0.0170833,0.960428,0.0224886
7.77343e-06,0.998455,0.0015368
0.0176853,0.968285,0.0140296
0.999962,7.591e-06,3.05246e-05
0.999993,5.07762e-06,2.22835e-06
0.998399,0.00159763,3.84295e-06
0.734011,0.265935,5.48873e-05
0.995447,0.00454225,1.04486e-05
0.998093,1.74107e-05,0.00188928
0.516782,0.271873,0.211345
0.997041,0.00283927,0.000119243
0.992508,0.00745422,3.73153e-05
0.981987,0.0180126,7.48404e-07
0.307854,0.691971,0.000174574
0.734316,0.265249,0.000435672
0.00450362,0.995496,7.81034e-07
0.959371,0.0402593,0.000369353
0.999258,0.000377797,0.000364545
0.995373,0.00454225,8.43782e-05
0.251191,0.748634,0.00017497
0.102921,0.612016,0.285063
0.0978641,0.0332812,0.868855
0.84361,0.100585,0.055805
0.659998,0.263749,0.0762532
0.957173,0.00323316,0.0395935
0.982398,0.000973543,0.0166288
0.951757,0.01851,0.0297333
0.990777,5.91418e-05,0.00916366
0.99982,2.27234e-07,0.000179877
0.977883,0.00022132,0.021896
0.802579,9.85327e-05,0.197323
0.747606,0.00153968,0.250854
0.650332,0.179909,0.169759
0.784374,0.0578239,0.157802
0.997974,0.000174137,0.00185165
0.804959,0.153711,0.0413303
2.5915e-07,0.999977,2.22676e-05
0.457522,0.539605,0.0028722
0.876274,0.123265,0.000460439
0.999956,2.32633e-05,2.05086e-05
0.999866,1.11074e-07,0.000133857
0.998617,0.000975923,0.00040712
0.999906,5.84789e-06,8.80761e-05
0.999974,5.03384e-08,2.60659e-05
