9.40728e-11,4.70357e-11,1
0.000837658,0.0120426,0.98712
6.89622e-08,0.999713,0.000287106
0.768451,0.19859,0.0329591
0.999563,0.000436391,1.01459e-06
0.999238,3.29419e-06,0.00075829
0.983768,0.000852042,0.0153802
0.994928,9.44794e-05,0.00497764
0.99498,5.73487e-05,0.00496304
0.00177917,0.00112684,0.997094
3.33333e-14,1.66667e-14,1
3.33333e-14,1.66667e-14,1
3.33333e-14,1.66667e-14,1
3.33333e-14,1.66667e-14,1
3.33333e-14,1.66667e-14,1
3.33333e-14,1.66667e-14,1
0.0226423,1.53301e-06,0.977356
0.00123259,0.0184362,0.980331
0.648965,0.0888731,0.262162
0.917665,0.0766545,0.00568002
0.974597,0.0250428,0.000360218
0.98753,0.0120236,0.000446056
0.596727,0.403081,0.000192076
0.0961784,0.837608,0.0662134
0.961938,0.0175467,0.0205149
0.941381,0.0571313,0.00148775
0.0381887,0.961233,0.000578291
0.405871,0.592549,0.0015799
0.729801,0.227915,0.0422841
0.971542,0.0115434,0.0169144
0.90394,0.0958862,0.00017411
0.772452,0.227533,1.51794e-05
0.0283427,0.971511,0.000146595
2.24682e-10,1,5.01156e-08
0.125627,0.874347,2.60075e-05
0.995297,0.00450569,0.000197051
0.985188,0.000726916,0.014085
0.999517,1.88098e-05,0.000463735
0.999883,3.49792e-07,0.000116995
0.999999,8.52058e-07,5.13308e-08
0.999951,3.15163e-06,4.55693e-05
0.999916,8.35294e-05,5.02124e-08
0.999995,4.09935e-06,8.50496e-07
0.728597,0.270011,0.00139218
0.149465,0.790794,0.0597403
0.0130484,0.0333237,0.953628
0.397941,0.279591,0.322468
0.604285,0.0613627,0.334352
0.00858596,0.0295628,0.961851
0.0909447,0.905154,0.00390115
0.997565,0.000173503,0.00226167
0.997814,0.00141409,0.000772031
0.999959,1.06565e-07,4.13108e-05
0.998476,0.001279,0.000244851
0.0760952,0.922121,0.00178365
0.99636,0.00338488,0.000254701
0.991216,0.00217546,0.00660827
0.852297,0.0855093,0.0621942
0.983265,0.00235243,0.0143829
0.803437,0.00585135,0.190712
0.999968,9.24666e-08,3.21501e-05
0.994464,0.000114086,0.00542203
0.980837,0.0137708,0.00539191
0.996999,0.000706731,0.00229381
0.966169,0.000646627,0.0331844
0.438917,0.55829,0.00279241
4.06208e-06,0.99898,0.00101564
0.0018145,0.974722,0.0234633
0.00225901,0.997411,0.000330407
0.775933,0.0759524,0.148115
0.901192,0.0145471,0.0842606
0.997218,0.00259961,0.000182436
0.726387,0.0815352,0.192078
0.900659,0.0988002,0.000541012
0.102834,0.897118,4.83804e-05
0.0791471,0.919339,0.00151362
0.301242,0.676354,0.0224037
0.950413,0.0366388,0.0129483
0.223478,0.771982,0.00454065
0.935513,0.0644823,4.73118e-06
0.983706,0.0162932,7.27526e-07
0.999974,9.67135e-07,2.5388e-05
0.998273,0.000744094,0.000982629
0.98955,0.0103253,0.000124532
0.999974,1.41262e-05,1.15989e-05
0.99934,3.95958e-06,0.00065628
0.995018,0.00197148,0.00301094
0.776972,0.223008,2.03415e-05
0.903393,0.0965952,1.1581e-05
0.0542484,0.945493,0.00025838
0.966711,0.0332865,2.78394e-06
0.999852,0.000145944,2.39749e-06
0.999893,0.000106673,8.25039e-07
0.885603,0.114396,1.06537e-06
0.0210795,0.977349,0.00157129
0.0186072,0.980956,0.000436985
0.434738,0.557859,0.00740242
0.913732,0.0661002,0.0201677
0.999944,2.70545e-06,5.33616e-05
0.721575,0.278108,0.000316831
0.00712453,0.992874,1.10335e-06
0.791849,0.207586,0.000564996
0.998855,0.00112486,1.97203e-05
0.135164,0.86477,6.65236e-05
0.562483,0.437022,0.000495365
7.35408e-08,0.999804,0.000196068
0.0613644,0.900626,0.0380097
0.0218896,0.977731,0.000379227
0.655827,0.344137,3.5872e-05
0.985203,0.0147971,2.73524e-07
0.997517,0.00243832,4.48992e-05
0.999852,1.70277e-06,0.00014608
0.999994,1.00149e-07,6.10838e-06
0.99997,1.64724e-07,3.00172e-05
0.999997,3.26339e-06,7.76931e-08
0.961093,0.0382507,0.000656344
0.0426045,0.957269,0.000126751
0.998564,0.0011855,0.000250411
0.999896,6.10152e-05,4.26012e-05
0.999646,2.1836e-05,0.000332109
0.999991,7.47243e-06,1.49138e-06
0.988684,0.0113019,1.4271e-05
0.993342,0.00607415,0.000584022
0.997585,0.00240397,1.14488e-05
0.896623,0.103175,0.000202334
1.30173e-06,0.999993,6.19533e-06
2.14022e-10,1,1.81265e-07
0.265181,0.312005,0.422814
3.33333e-14,1.66667e-14,1
3.33333e-14,1.66667e-14,1
3.33333e-14,1.66667e-14,1
3.33333e-14,1.66667e-14,1
3.33333e-14,1.66667e-14,1
3.33333e-14,1.66667e-14,1
3.33333e-14,1.66667e-14,1
2.44186e-14,2.93023e-14,1
3.33333e-14,1.66667e-14,1
3.33333e-14,1.66667e-14,1
3.33333e-14,1.66667e-14,1
3.33333e-14,1.66667e-14,1
3.33333e-14,1.66667e-14,1
0.000349503,0.028373,0.971277
3.56029e-05,0.160655,0.839309
0.0243872,0.694083,0.28153
0.219113,0.61698,0.163906
0.0153741,0.0509197,0.933706
0.068725,0.00117789,0.930097
0.377403,0.160769,0.461828
0.0187126,0.693073,0.288214
0.0362599,0.957347,0.00639288
0.45988,0.217333,0.322787
0.997545,2.92877e-05,0.00242543
0.999793,1.89994e-05,0.000187528
0.418434,0.44123,0.140335
0.796001,0.0825463,0.121453
0.995852,0.00317034,0.000977828
0.999909,8.59245e-05,4.9329e-06
0.702736,0.273123,0.0241408
0.0866778,0.714705,0.198618
0.179504,0.0830054,0.737491
1.8294e-06,0.99949,0.000508627
0.066694,0.933299,6.73479e-06
3.36874e-11,1,5.00275e-08
0.10855,0.891431,1.88048e-05
8.55064e-07,0.999685,0.000314523
0.137996,0.851687,0.0103168
0.0850675,0.903489,0.011444
0.05681,0.699944,0.243246
0.523428,0.175659,0.300913
0.892925,0.0863945,0.0206801
0.278683,1.06748e-06,0.721316
0.998814,2.32249e-05,0.00116297
0.99426,0.00298295,0.00275717
0.978735,0.0210592,0.000205353
0.899844,0.0723814,0.0277747
0.320669,0.670829,0.00850241
0.0671191,0.932675,0.000205933
0.955113,0.0387108,0.00617629
0.154868,0.833047,0.0120843
0.527245,0.19336,0.279395
0.00895605,0.045185,0.945859
0.00510261,0.962068,0.0328296
0.000258132,0.0110695,0.988672
1.63941e-05,0.108093,0.891891
0.0202743,0.0253098,0.954416
2.87895e-08,3.40259e-08,1
0.946676,0.000127211,0.0531971
0.802078,0.000573922,0.197348
0.0396227,0.000211377,0.960166
0.429211,0.000219624,0.570569
0.925617,0.0150511,0.0593317
0.0126787,0.0705368,0.916784
0.0155515,0.0106771,0.973771
0.00458521,0.992051,0.00336354
2.13117e-06,0.998607,0.00139125
0.69748,0.296715,0.00580474
0.103259,0.711153,0.185588
0.999995,9.19093e-07,3.78682e-06
0.161951,0.762305,0.075744
0.573352,0.426121,0.000527015
0.92053,0.0475858,0.0318842
0.998152,0.00124671,0.000601452
0.649877,0.224125,0.125998
0.025686,0.471988,0.502326
0.00143255,0.00247956,0.996088
1.094e-08,1.31301e-08,1
2.4412e-09,2.92965e-09,1
2.78216e-05,0.00653814,0.993434
1.54799e-05,0.995889,0.00409513
0.0161382,0.463667,0.520195
0.210484,0.193941,0.595575
0.99582,0.00186981,0.00231061
0.979653,0.0201553,0.000191372
0.00171861,0.998277,3.99349e-06
0.0235469,0.933174,0.0432788
0.39344,0.605446,0.00111419
0.988187,0.0026534,0.00915938
0.956763,0.0265872,0.0166495
1.20477e-05,0.997066,0.00292159
0.745966,0.204778,0.0492564
0.254818,0.543797,0.201385
0.0151404,0.0894867,0.895373
0.0792287,0.819534,0.101237
0.664795,0.0659068,0.269298
0.34724,0.622143,0.0306166
0.971,0.0289679,3.16264e-05
0.930309,0.0686326,0.0010586
0.857107,0.141367,0.00152607
0.179459,0.0654339,0.755107
0.302098,0.366153,0.331749
0.00945233,0.119466,0.871082
0.0753747,0.72325,0.201375
8.32599e-07,0.999426,0.000573334
8.41551e-09,0.999953,4.65353e-05
4.08837e-07,0.999302,0.00069761
1.63004e-08,0.999861,0.000138965
4.07253e-07,0.999302,0.000697496
0.0246798,0.96927,0.00605074
0.988989,0.010977,3.37383e-05
0.178783,0.820978,0.000238867
0.986118,0.00364352,0.0102382
0.999552,4.72828e-05,0.000401201
0.993799,0.00614987,5.15008e-05
1.05763e-07,1,1.03597e-07
0.793581,0.193134,0.0132853
0.0283473,0.900776,0.0708769
3.26023e-05,0.997111,0.00285679
3.11824e-05,0.997073,0.00289559
0.0423503,0.282833,0.674817
0.00598088,0.770996,0.223023
0.137549,0.211705,0.650746
0.0334893,0.463508,0.503003
0.0795599,0.900522,0.0199182
1.97987e-05,0.997688,0.00229259
0.00115288,0.980663,0.0181845
7.15274e-07,0.999583,0.000416555
0.257086,0.429698,0.313216
0.087592,0.791397,0.121011
0.0103451,0.457096,0.532559
0.0823491,0.562508,0.355143
0.415507,0.47418,0.110313
0.955833,0.0406538,0.00351289
0.0151579,0.977932,0.00691
0.000131605,0.993491,0.00637725
0.200812,0.0634988,0.735689
0.890806,0.00101078,0.108183
0.996651,0.000128835,0.00322054
1.02336e-06,0.999486,0.000512938
0.0272526,0.94251,0.0302377
0.996585,0.000364035,0.00305054
0.0357452,0.0020221,0.962233
0.770988,0.0025215,0.226491
0.00898802,0.00662108,0.984391
0.807304,0.093207,0.0994894
0.00264385,0.00875122,0.988605
0.00344144,0.748292,0.248267
7.73066e-09,0.99995,4.96327e-05
5.43098e-10,0.999998,2.46298e-06
0.0253527,0.974577,7.07764e-05
0.653822,0.341847,0.00433046
0.973699,0.0246956,0.00160543
0.0736345,0.903307,0.0230586
0.602557,0.148006,0.249437
0.000165447,0.311736,0.688098
0.0200554,0.717608,0.262337
0.66281,0.106522,0.230668
0.000799647,0.967603,0.0315977
1.92726e-05,0.957804,0.0421768
4.95463e-05,0.931569,0.0683815
9.72374e-05,0.661941,0.337962
0.992401,0.00360985,0.00398921
0.0333451,0.0805989,0.886056
0.91643,0.0830924,0.000477225
0.0151928,0.977077,0.00773063
0.965514,0.034149,0.00033704
0.0126431,0.986412,0.00094527
0.0028758,0.996434,0.000689831
0.0295198,0.0295743,0.940906
0.00749131,0.986878,0.00563045
0.953107,0.00499715,0.0418957
0.0052461,0.81758,0.177173
1.29e-06,1.54608e-06,0.999997
2.1647e-06,2.56643e-06,0.999995
0.0141101,0.000990457,0.984899
0.142577,0.000200589,0.857222
0.00823289,0.929455,0.0623121
0.0527095,0.769564,0.177726
0.0060305,0.99261,0.00135904
5.7315e-08,0.99988,0.000119989
1.41133e-07,0.999999,4.66217e-07
0.0447266,0.955272,1.50921e-06
0.925837,0.071391,0.00277158
0.219965,0.662351,0.117684
0.00177121,0.886774,0.111455
0.0053944,0.059448,0.935158
0.00563484,0.144515,0.84985
0.00463086,0.00494036,0.990429
0.0186869,0.185514,0.795799
0.101771,0.521224,0.377005
8.1983e-05,0.990613,0.00930483
0.102205,0.728627,0.169169
2.07567e-09,0.999977,2.28827e-05
0.00300524,0.996918,7.7223e-05
6.08507e-05,0.993125,0.00681397
0.302403,0.322479,0.375118
0.0177374,0.720475,0.261788
0.00424574,0.147315,0.84844
0.950628,0.045114,0.0042578
0.0330216,0.181737,0.785241
0.0253938,0.10071,0.873897
6.18937e-09,3.09425e-09,1
3.57945e-14,1.78989e-14,1
3.33345e-14,1.66679e-14,1
3.33333e-14,1.66667e-14,1
3.33333e-14,1.66667e-14,1
2.45642e-14,2.94035e-14,1
2.44187e-14,2.93024e-14,1
3.51304e-13,1.75655e-13,1
3.33333e-14,1.66667e-14,1
3.68015e-14,2.15627e-14,1
2.4422e-14,2.93047e-14,1
2.44187e-14,2.93024e-14,1
2.44257e-14,2.93073e-14,1
2.44186e-14,2.93023e-14,1
3.4184e-14,1.76636e-14,1
3.33333e-14,1.66667e-14,1
3.33333e-14,1.66667e-14,1
3.33333e-14,1.66667e-14,1
3.33333e-14,1.66667e-14,1
3.33333e-14,1.66667e-14,1
3.33333e-14,1.66667e-14,1
3.33333e-14,1.66667e-14,1
3.71688e-14,3.19113e-14,1
3.33473e-14,1.66823e-14,1
2.44186e-14,2.93023e-14,1
1.72438e-06,2.07347e-06,0.999996
0.000102561,0.0148554,0.985042
2.44188e-14,2.93024e-14,1
2.44186e-14,2.93023e-14,1
3.33333e-14,1.66667e-14,1
3.33333e-14,1.66667e-14,1
3.33333e-14,1.66667e-14,1
3.33333e-14,1.66667e-14,1
3.33333e-14,1.66667e-14,1
2.51173e-14,2.97777e-14,1
3.33333e-14,1.66667e-14,1
2.44186e-14,2.93023e-14,1
2.44186e-14,2.93023e-14,1
2.44186e-14,2.93023e-14,1
2.55712e-14,3.00725e-14,1
2.44186e-14,2.93023e-14,1
2.44186e-14,2.93023e-14,1
2.44201e-14,2.93034e-14,1
2.44186e-14,2.93023e-14,1
2.44186e-14,2.93023e-14,1
1.99172e-12,1.51607e-12,1
3.55904e-14,3.27977e-14,1
1.51893e-08,1.8213e-08,1
8.27884e-10,9.90172e-10,1
3.89182e-10,4.67018e-10,1
0.00268424,0.000106328,0.997209
0.29465,0.443927,0.261423
0.0101353,0.000215675,0.989649
0.0518778,0.787127,0.160995
0.0015809,3.88198e-05,0.99838
0.0990125,0.643739,0.257248
0.224536,0.774298,0.00116595
0.648314,0.174317,0.177368
0.991625,0.000756405,0.00761894
0.99922,0.000759643,2.05412e-05
0.901348,0.0589702,0.039682
0.201096,0.00306494,0.795839
0.0371025,0.132802,0.830096
0.0212626,0.647283,0.331455
0.00268282,0.796437,0.20088
0.219602,0.412698,0.3677
0.992428,0.0002058,0.00736651
0.999349,3.45636e-06,0.000647262
0.999975,2.40845e-05,5.90652e-07
0.959762,0.00431808,0.0359197
0.671082,0.178228,0.15069
0.531791,0.276114,0.192095
0.00365823,0.665401,0.330941
0.969519,0.0155778,0.0149037
0.0364419,0.955605,0.00795291
1.71618e-06,0.999839,0.000159359
0.00563994,0.993234,0.00112609
7.10043e-11,0.999996,4.39949e-06
0.00249377,0.997076,0.000430699
7.41371e-05,0.993299,0.00662695
0.366698,0.632224,0.00107752
0.000465951,0.988297,0.0112374
0.260874,0.739125,1.5051e-06
1.08528e-07,0.999981,1.87471e-05
0.0303404,0.968281,0.00137904
0.0571739,0.933093,0.00973343
0.136734,0.855802,0.00746421
0.0588913,0.874881,0.066228
0.210745,0.789092,0.00016325
0.00378839,0.996211,1.78416e-07
4.02005e-07,0.999999,2.50565e-07
3.6472e-07,0.9997,0.000299518
0.555695,0.443594,0.000710926
0.159228,0.840533,0.00023906
0.0447531,0.955149,9.76345e-05
0.096358,0.89554,0.00810191
0.945167,0.0548227,1.06771e-05
0.0118615,0.98812,1.82136e-05
0.993093,0.000234918,0.00667175
0.999965,1.14208e-05,2.31436e-05
0.999899,7.04659e-07,0.000100204
0.998151,6.12085e-05,0.0017873
0.732049,0.0752127,0.192739
0.996885,4.15123e-05,0.00307391
0.994404,0.000326887,0.00526928
0.0297241,0.0611215,0.909154
0.292994,0.494487,0.212519
0.171275,0.262802,0.565923
9.97932e-05,0.00776057,0.99214
0.00296578,0.995026,0.00200825
5.78086e-06,0.998502,0.00149197
2.09689e-06,0.999787,0.000210637
0.874093,0.0233645,0.102543
0.710693,0.244728,0.0445787
0.228787,0.256481,0.514732
0.700456,0.110548,0.188996
0.375106,0.612896,0.0119973
0.95317,0.0224611,0.0243685
0.00766454,0.991534,0.00080186
0.0396055,0.95915,0.00124503
5.40788e-07,0.999614,0.000385398
7.31292e-05,0.992602,0.00732531
0.0238062,0.430793,0.545401
0.0448976,9.50642e-06,0.955093
7.51806e-05,0.00122243,0.998702
5.95501e-06,3.01625e-06,0.999991
0.00229756,0.0298826,0.96782
2.09869e-06,1.04651e-06,0.999997
0.0238941,0.000166954,0.975939
0.00504726,0.947747,0.0472054
0.00038772,0.00398615,0.995626
0.540259,0.0666619,0.393079
0.997355,3.88224e-05,0.00260583
0.992365,0.0029388,0.00469615
0.999636,0.000350224,1.36985e-05
0.998935,0.000965865,9.86385e-05
0.998346,0.0016347,1.93271e-05
0.83003,0.0761559,0.0938144
0.972691,0.0271577,0.00015078
0.996074,0.00357104,0.000355213
0.0313567,0.96864,3.73856e-06
4.08081e-09,0.999968,3.19846e-05
0.0228958,0.977078,2.59951e-05
0.190622,0.734269,0.0751086
0.969494,0.0294921,0.00101423
7.43558e-08,0.999899,0.000100639
0.118598,0.88134,6.12603e-05
0.00304571,0.996031,0.000923048
0.0645157,0.917795,0.0176896
0.950275,0.0371001,0.0126245
0.978204,0.00394805,0.0178477
0.607754,0.182509,0.209738
0.00722844,0.99099,0.00178158
3.52424e-08,0.99998,2.01505e-05
0.0195218,0.979696,0.000782041
0.177509,0.724761,0.0977298
2.54664e-06,1.27079e-06,0.999996
0.00954089,9.10942e-05,0.990368
0.946487,0.000871851,0.0526413
0.0207234,0.00121606,0.978061
0.963615,0.00643816,0.0299466
0.89073,0.0178248,0.0914456
0.838798,0.0338426,0.12736
0.994672,0.00532768,1.17405e-07
0.308546,0.670165,0.0212892
0.825941,0.0436485,0.13041
0.994062,0.000355672,0.00558279
0.999454,9.07158e-07,0.000544776
0.756829,0.0442458,0.198925
0.996012,0.000761025,0.00322722
0.976123,0.0173067,0.00656982
0.914194,0.0600528,0.025753
0.566217,0.171248,0.262535
0.999875,4.00189e-05,8.54574e-05
0.759144,0.218062,0.0227936
0.969978,0.0299365,8.53002e-05
0.00315851,0.99634,0.000501056
0.132498,0.349553,0.517949
0.633878,0.223966,0.142156
0.955994,0.033465,0.0105408
0.981201,0.0152817,0.00351712
0.939816,0.00253324,0.0576509
0.547392,0.0235768,0.429031
0.983341,0.00272623,0.0139332
0.999973,6.15104e-06,2.06246e-05
0.0629125,0.126602,0.810485
0.198402,0.00451945,0.797079
0.557299,0.0199916,0.42271
0.193248,0.145392,0.66136
0.0845879,0.0262933,0.889119
0.970183,0.00131119,0.0285063
0.195248,0.580199,0.224553
0.0605971,0.0038928,0.93551
0.991738,0.00538917,0.00287322
0.999857,1.73264e-07,0.000143121
0.925443,0.00919683,0.06536
0.125366,0.874402,0.000231864
0.00950113,0.93543,0.0550691
1.28748e-06,0.999707,0.000291826
0.932334,0.00975459,0.0579113
0.0139326,0.966331,0.0197363
0.457875,0.450093,0.0920319
0.0463256,0.945006,0.00866832
0.979793,0.0106944,0.00951276
0.99707,3.35767e-05,0.00289624
0.323604,0.323823,0.352572
0.173569,0.109465,0.716966
0.994095,0.00478951,0.00111569
0.833455,0.166263,0.000282657
0.976274,0.0237203,5.85323e-06
0.914946,0.0561529,0.0289013
0.611636,0.386915,0.00144891
0.863943,0.113933,0.0221242
0.971986,0.00237156,0.0256424
0.420074,0.00687135,0.573055
0.640854,0.125507,0.233639
0.299568,0.424861,0.275572
0.425628,0.565774,0.00859812
0.990983,0.00315203,0.0058648
0.0090023,0.0345319,0.956466
4.18934e-05,0.00114472,0.998813
1.66731e-12,8.62283e-13,1
2.63279e-06,2.43939e-06,0.999995
0.0284499,0.165286,0.806264
0.028463,0.970396,0.0011408
0.993675,0.00623438,9.08324e-05
0.851724,0.0733158,0.0749605
0.996327,0.000149983,0.00352338
0.997833,1.8549e-05,0.00214862
0.981507,0.00108268,0.01741
0.99963,0.000230702,0.000139052
0.207404,0.792473,0.000122561
5.10316e-08,1,1.15415e-07
6.89051e-07,0.999999,3.93653e-07
0.0751533,0.924842,4.48681e-06
0.75744,0.242553,6.55178e-06
0.995669,0.00364577,0.000685399
0.99986,6.50056e-07,0.000139609
0.999962,3.67723e-05,1.61925e-06
0.0032891,0.99665,6.10633e-05
0.00320928,0.996788,3.17902e-06
0.995023,0.00365828,0.00131863
0.411139,0.27031,0.318551
0.268147,0.26612,0.465734
0.33539,0.335735,0.328875
0.0002425,0.982362,0.0173959
0.0283126,0.00587156,0.965816
0.00882805,0.177659,0.813513
0.000186928,0.562933,0.43688
4.80117e-07,0.999643,0.000356076
0.03972,0.95365,0.00663025
0.942652,0.0571146,0.000233617
0.929077,0.00812533,0.062798
0.379035,0.298372,0.322593
0.908458,0.0811535,0.0103881
0.737163,0.0764133,0.186424
0.730394,0.140854,0.128752
0.997003,0.00287163,0.000125226
0.894328,0.0363767,0.0692952
0.0621894,0.374675,0.563136
0.602105,0.397119,0.000775402
0.202386,0.797465,0.00014886
0.181846,0.818153,1.35959e-06
0.99794,0.00203609,2.37085e-05
0.98983,0.00577827,0.00439185
0.99807,0.000708214,0.00122177
0.999789,0.000209947,8.02679e-07
0.984598,0.0151691,0.000232894
0.988305,0.0101164,0.00157812
0.991532,0.00844041,2.73178e-05
0.236501,0.191835,0.571664
0.569257,0.141155,0.289588
0.953743,0.00901875,0.0372383
0.770483,0.0659833,0.163533
0.0824155,0.902276,0.0153084
0.0640876,0.93402,0.00189222
0.443912,0.228295,0.327793
0.193396,0.801574,0.00502958
0.946003,0.0511169,0.00288036
0.994594,0.0036119,0.00179444
0.377075,0.597821,0.0251041
0.902173,0.0799831,0.0178443
0.95449,0.00693071,0.0385798
0.939774,0.011421,0.048805
0.0317029,0.879142,0.0891554
0.188182,0.750665,0.0611526
0.165216,0.0246208,0.810163
0.803243,0.00780927,0.188947
0.860281,0.105368,0.0343517
0.270735,0.565845,0.16342
0.685148,0.0937178,0.221134
0.874277,0.125721,1.94112e-06
0.911758,0.0135749,0.0746671
0.995955,0.00310824,0.000936714
0.999777,0.000145835,7.67896e-05
0.259815,0.346521,0.393664
0.970077,0.00263813,0.0272849
0.661288,0.00300413,0.335708
0.902742,0.0745831,0.0226749
0.995103,0.00349549,0.00140172
0.996549,0.00299142,0.000459202
0.0768649,0.923071,6.44542e-05
0.540819,0.459032,0.000148893
0.979435,0.0136956,0.00686911
0.124269,0.820769,0.0549622
0.999768,6.56183e-05,0.000166138
0.00041973,0.031081,0.968499
5.93924e-05,0.991414,0.00852671
7.8431e-07,0.999374,0.000625535
1.55408e-07,0.999803,0.000197231
8.19872e-12,0.999999,1.43061e-06
5.554e-07,0.999999,3.26988e-07
0.150202,0.849718,7.96493e-05
0.997591,0.000527896,0.0018815
0.99604,5.67877e-05,0.00390336
0.444257,0.435115,0.120628
0.441806,0.394045,0.164149
3.16608e-09,0.999996,4.01269e-06
2.35542e-07,0.999863,0.000136632
0.0341264,0.0505349,0.915339
0.0699096,0.895269,0.0348214
0.0190263,0.0327092,0.948264
0.277646,0.618154,0.1042
8.17346e-12,1,1.00806e-07
0.999908,6.59103e-05,2.59236e-05
0.343321,0.328371,0.328307
0.901032,0.0145833,0.0843844
0.00650077,0.992913,0.000585897
0.704276,0.281564,0.0141607
0.982862,0.00823026,0.00890738
0.00822994,0.990913,0.000856576
0.993277,0.00187561,0.00484692
0.966774,0.0260649,0.00716087
0.00808426,0.990732,0.00118392
0.799872,0.0480208,0.152107
0.885613,0.0751328,0.0392539
0.899139,0.100733,0.000127383
0.971554,0.028369,7.69718e-05
0.141093,0.858874,3.2955e-05
0.774663,0.225217,0.000120149
0.996624,0.00103693,0.00233923
0.999879,0.000121145,1.26565e-07
0.971743,0.0266934,0.00156377
0.00666905,0.0568336,0.936497
3.33333e-14,1.66667e-14,1
3.33333e-14,1.66667e-14,1
3.33333e-14,1.66667e-14,1
3.33333e-14,1.66667e-14,1
3.33333e-14,1.66667e-14,1
3.33333e-14,1.66667e-14,1
0.0145404,0.0646719,0.920788
0.00789006,0.271185,0.720925
0.296428,0.626173,0.0773994
0.450076,0.249473,0.300451
0.138153,0.814699,0.0471479
0.000270604,0.85742,0.142309
0.0046549,0.702154,0.293191
0.000468615,0.84632,0.153212
0.0254823,0.839089,0.135428
0.000133421,0.659187,0.340679
2.91037e-08,0.999814,0.000186095
0.000187513,0.984521,0.0152918
1.68188e-05,0.995464,0.00451959
9.05068e-05,0.257443,0.742467
2.6158e-05,0.00733854,0.992635
2.79066e-05,0.0898596,0.910112
0.00041523,0.0647973,0.934787
1.73481e-06,0.998553,0.00144545
0.000305825,0.448427,0.551267
0.000129493,0.384101,0.61577
0.00053392,0.0341474,0.965319
0.000129653,0.987202,0.0126684
0.000167294,0.0147241,0.985109
0.000258,0.123803,0.875939
0.402703,0.232643,0.364653
0.361814,0.333382,0.304804
0.802023,0.0753401,0.122637
0.564465,0.280456,0.155079
0.00786406,0.767828,0.224308
0.000477584,0.270378,0.729145
0.055105,0.21311,0.731785
0.211643,0.317827,0.47053
0.511818,0.156215,0.331967
0.000557188,0.847748,0.151695
0.00134971,0.257305,0.741345
0.000837978,0.656588,0.342574
0.0198925,0.377605,0.602503
0.00161041,0.0194224,0.978967
0.00377544,0.0359407,0.960284
1.38638e-07,0.999592,0.000408104
2.80792e-05,0.994954,0.00501757
0.00178749,0.000148094,0.998064
3.09168e-06,3.71786e-06,0.999993
0.0393672,0.0301706,0.930462
0.653146,0.0466167,0.300237
0.988505,0.00760271,0.00389267
0.0190104,0.97879,0.00219907
0.99774,0.000224153,0.00203628
0.0887929,0.892118,0.0190887
0.016973,0.00203974,0.980987
6.2045e-07,7.41157e-07,0.999999
0.213558,0.22202,0.564422
0.0608129,0.256065,0.683123
0.137969,0.00123109,0.8608
0.95629,0.000855743,0.0428544
0.367505,0.322148,0.310347
3.88973e-07,0.999733,0.000266384
0.000129612,0.988373,0.0114974
2.51849e-05,0.994496,0.00547894
0.00446221,0.995326,0.00021197
3.58928e-05,0.993395,0.00656954
0.000804886,0.967132,0.0320633
0.186629,0.274498,0.538873
0.46802,0.482838,0.0491426
0.00979486,0.950021,0.0401841
4.51231e-06,0.999068,0.000927888
3.29959e-11,0.999997,3.16397e-06
2.06807e-08,0.999961,3.88374e-05
1.70237e-06,0.999997,8.97475e-07
0.00342319,0.996577,1.648e-07
0.461691,0.538127,0.000182048
0.918622,0.0778634,0.00351454
0.0236863,0.975982,0.000331615
7.51307e-09,0.999927,7.3438e-05
0.000173882,0.985334,0.0144919
0.00170702,0.0550579,0.943235
0.000144752,0.986449,0.0134066
4.02121e-06,0.998104,0.00189156
3.10055e-05,0.994335,0.00563414
1.1326e-09,0.999988,1.23795e-05
1.77496e-06,0.999894,0.000103794
0.00349467,0.996014,0.00049142
0.0500608,0.937092,0.0128472
0.00294573,0.97319,0.0238642
5.47084e-07,0.999216,0.000783265
0.000781393,0.906341,0.0928772
0.0172549,0.978893,0.00385236
0.116754,0.883085,0.000161193
0.992128,0.000881351,0.00699092
0.338069,0.329903,0.332028
0.349002,0.324001,0.326997
0.00016527,0.896721,0.103114
0.000398791,0.316461,0.68314
0.000745209,0.814574,0.184681
0.00580582,0.967149,0.0270451
0.047728,0.803802,0.14847
0.0102095,0.989782,8.28772e-06
0.981729,0.0182705,2.30348e-07
5.34091e-08,0.999947,5.25944e-05
0.115388,0.854283,0.0303291
0.000592881,0.0258534,0.973554
0.0365491,0.562521,0.40093
0.00285763,0.924293,0.072849
1.29986e-06,0.999712,0.00028675
1.82099e-07,0.999908,9.18585e-05
0.129868,0.869917,0.000214898
0.77733,0.219487,0.00318253
0.589357,0.409289,0.00135345
0.0382575,0.955179,0.00656358
0.898264,0.0188508,0.0828855
0.342099,0.326613,0.331287
0.964339,0.000546146,0.0351144
0.140662,0.191291,0.668047
0.00596928,0.00385687,0.990174
0.180326,0.0291587,0.790515
0.0573704,0.0150954,0.927534
0.00153212,0.0905704,0.907898
0.000548492,0.302056,0.697395
5.33344e-05,0.00683153,0.993115
8.39862e-06,0.710948,0.289044
0.000508385,0.660756,0.338735
3.47746e-05,0.928135,0.0718306
0.000237458,0.952292,0.0474706
0.0148732,0.799805,0.185322
0.00666558,0.962138,0.031196
0.0773379,0.917198,0.00546414
6.81219e-07,0.999094,0.000905204
2.3945e-05,0.956518,0.043458
3.86416e-06,0.997954,0.00204193
8.53365e-05,0.990437,0.00947755
9.73108e-05,0.0554003,0.944502
2.06619e-05,0.062066,0.937913
0.00154112,0.989485,0.00897353
0.00046771,0.0290973,0.970435
0.00164996,0.916613,0.0817372
1.87818e-06,0.998505,0.00149292
0.000385731,0.989602,0.0100118
0.00533906,0.96444,0.0302209
0.0675773,0.0648478,0.867575
0.210098,0.287529,0.502373
0.0217866,0.879353,0.0988604
0.0410664,0.713995,0.244939
0.00681611,0.567797,0.425387
0.0694248,0.0942554,0.83632
0.822072,0.177773,0.000155539
0.0814301,0.918457,0.00011319
0.0764586,0.92188,0.00166167
0.465705,0.389558,0.144737
0.596867,0.332838,0.0702953
0.0029661,0.800964,0.19607
0.00241823,0.0697189,0.927863
6.61139e-09,0.999988,1.19238e-05
0.0114781,0.987941,0.000580635
0.542067,0.457817,0.000115667
0.017071,0.982929,8.47042e-08
1.03111e-11,1,6.88472e-08
5.82963e-10,0.999988,1.2287e-05
4.14948e-05,0.993606,0.00635236
0.00288786,0.968638,0.0284746
5.43902e-07,0.999937,6.20236e-05
0.00207132,0.997491,0.000437278
4.60013e-08,0.999765,0.000234956
0.000250148,0.881289,0.11846
0.00375412,0.880144,0.116102
0.648346,0.116369,0.235285
0.0509697,0.157563,0.791467
0.000146999,0.0100466,0.989806
0.00258491,0.911667,0.0857484
0.246084,0.0882686,0.665648
0.00168625,0.163051,0.835263
9.32113e-06,0.998354,0.00163626
0.00076393,0.382263,0.616973
2.39522e-07,0.999832,0.000167404
0.0269614,0.856245,0.116793
0.00479199,0.175311,0.819897
1.48351e-07,1.77816e-07,1
4.42428e-06,4.4192e-06,0.999991
7.11654e-10,8.5402e-10,1
3.41929e-05,0.00592645,0.994039
1.11955e-06,1.34566e-06,0.999998
5.36292e-13,6.43551e-13,1
2.44611e-14,2.9332e-14,1
2.63868e-14,3.05743e-14,1
2.55504e-14,3.00593e-14,1
3.33349e-14,1.66684e-14,1
3.34085e-14,1.67511e-14,1
3.33333e-14,1.66667e-14,1
3.33628e-14,1.66997e-14,1
2.45209e-14,2.93735e-14,1
2.44187e-14,2.93024e-14,1
2.49693e-14,2.96791e-14,1
1.42455e-13,7.12616e-14,1
7.84932e-13,9.24794e-13,1
3.33534e-14,1.66892e-14,1
3.33335e-14,1.66668e-14,1
3.33333e-14,1.66667e-14,1
3.33333e-14,1.66667e-14,1
3.33333e-14,1.66667e-14,1
3.33333e-14,1.66667e-14,1
3.33333e-14,1.66667e-14,1
3.33333e-14,1.66667e-14,1
3.33333e-14,1.66667e-14,1
3.33333e-14,1.66667e-14,1
3.33333e-14,1.66667e-14,1
3.33333e-14,1.66667e-14,1
3.3358e-14,1.66943e-14,1
3.33333e-14,1.66667e-14,1
3.33333e-14,1.66667e-14,1
3.33333e-14,1.66667e-14,1
3.33333e-14,1.66667e-14,1
3.33333e-14,1.66667e-14,1
3.84557e-14,2.59515e-14,1
2.44186e-14,2.93023e-14,1
5.53125e-12,6.63752e-12,1
5.4741e-14,6.56889e-14,1
5.05394e-14,6.06473e-14,1
3.94825e-11,2.69365e-11,1
7.36362e-09,8.83541e-09,1
0.000724144,0.0322055,0.96707
2.13279e-12,2.55104e-12,1
2.4419e-14,2.93026e-14,1
2.44364e-14,2.93148e-14,1
2.50054e-14,2.97032e-14,1
3.77569e-14,3.12517e-14,1
1.86537e-07,9.32087e-08,1
2.11622e-09,1.09422e-09,1
5.90192e-07,2.97084e-07,0.999999
9.81935e-12,9.12694e-12,1
0.0680352,0.00115789,0.930807
0.080424,0.0105596,0.909016
0.23649,0.208494,0.555016
0.0651723,0.760144,0.174684
0.00467649,0.928026,0.0672976
1.88234e-06,2.26307e-06,0.999996
0.000187074,0.00520501,0.994608
0.440236,0.0669679,0.492796
0.381979,0.104832,0.513189
0.800545,0.105128,0.0943264
0.963994,0.000815916,0.0351904
0.980978,0.000165417,0.0188571
0.151613,0.834322,0.0140652
0.00587469,0.994017,0.00010853
0.111069,0.387007,0.501924
0.000503566,0.0344406,0.965056
1.13846e-06,1.36369e-06,0.999997
0.00103956,0.0771058,0.921855
9.96433e-06,0.100453,0.899537
5.26343e-07,0.999205,0.000794557
0.0851317,0.914782,8.67165e-05
0.722632,0.277314,5.36665e-05
2.28899e-08,0.999836,0.000163966
0.000378848,0.934053,0.0655683
0.000459088,0.618146,0.381395
4.42376e-05,0.992632,0.00732334
0.00130323,0.985261,0.0134358
0.31967,0.509947,0.170383
0.874079,0.0246069,0.101315
0.0102555,0.00852795,0.981217
0.0684306,0.300055,0.631514
4.19668e-07,0.999301,0.000698812
3.41787e-06,0.998057,0.00193938
0.000967081,0.73512,0.263912
9.25166e-05,0.581658,0.418249
0.0080398,0.928752,0.063208
0.0344863,0.064508,0.901006
0.00151761,0.526039,0.472443
3.71268e-07,2.48429e-07,0.999999
0.883103,0.0961103,0.0207871
0.00094409,0.0135489,0.985507
0.000261038,0.0232952,0.976444
0.000120754,0.751114,0.248765
0.000280255,0.0251536,0.974566
0.0117067,0.935289,0.053004
0.00237614,0.911603,0.0860204
0.110131,0.596395,0.293474
0.207205,0.296376,0.496419
2.01385e-05,0.995112,0.00486742
0.000964712,0.935038,0.0639968
0.00166735,0.97683,0.0215024
0.00763976,0.830716,0.161644
0.000723645,0.968693,0.0305831
4.5421e-07,0.999934,6.55929e-05
0.00461561,0.995251,0.000133434
0.459685,0.52179,0.0185246
0.133635,0.806564,0.0598017
0.00449887,0.36501,0.630491
1.56862e-05,0.995868,0.00411628
0.000289464,0.980669,0.0190416
3.64284e-06,0.998464,0.00153196
1.58152e-07,1.89362e-07,1
5.46249e-06,0.0649606,0.935034
0.000283906,0.00627685,0.993439
1.80957e-13,2.17148e-13,1
1.22705e-13,1.47181e-13,1
2.44186e-14,2.93023e-14,1
2.44186e-14,2.93023e-14,1
5.19385e-13,6.23261e-13,1
1.6573e-10,1.98878e-10,1
2.44186e-14,2.93023e-14,1
0.00123388,0.000174989,0.998591
5.64412e-13,6.77293e-13,1
1.85531e-08,2.22684e-08,1
0.000548869,0.0362244,0.963227
2.17464e-11,2.60949e-11,1
5.27738e-08,5.28106e-08,1
0.00480243,0.994771,0.000426264
6.70195e-08,0.999875,0.000124654
0.00988299,0.982193,0.00792442
0.00346107,0.883538,0.113
0.00011683,0.887528,0.112355
2.04248e-09,2.4509e-09,1
7.21515e-05,0.0120305,0.987897
0.00484172,0.0864996,0.908659
0.00124695,0.00309427,0.995659
1.92348e-07,2.08658e-07,1
1.3132e-10,1.5757e-10,1
5.39345e-11,6.46096e-11,1
1.0412e-05,0.00423654,0.995753
0.00835093,0.096651,0.894998
0.106862,0.647149,0.245989
0.5314,0.241175,0.227425
0.998776,0.0011075,0.00011659
0.461745,0.449259,0.0889965
0.0551988,0.107624,0.837177
9.45035e-07,0.999578,0.000421296
4.50704e-06,0.998893,0.00110206
9.63812e-09,0.999999,1.26811e-06
0.453544,0.187469,0.358988
0.00389639,0.496725,0.499379
0.00217806,0.222005,0.775817
0.254048,0.293127,0.452825
0.0350162,0.365909,0.599075
2.2239e-07,2.66752e-07,1
7.57295e-10,9.06715e-10,1
3.47367e-10,4.16832e-10,1
1.13218e-09,1.35868e-09,1
2.25533e-05,0.00287675,0.997101
0.218737,0.109911,0.671353
0.216859,0.475257,0.307884
0.000118864,0.277781,0.7221
8.64471e-05,0.271385,0.728528
5.2654e-05,0.634899,0.365048
2.54257e-07,3.05346e-07,0.999999
1.29808e-09,1.55779e-09,1
1.12427e-12,1.34912e-12,1
1.8226e-09,2.18727e-09,1
7.59901e-14,9.11609e-14,1
3.02071e-11,3.11667e-11,1
8.42482e-08,1.01141e-07,1
2.88975e-08,3.46861e-08,1
5.94092e-07,7.08254e-07,0.999999
4.43391e-07,5.31688e-07,0.999999
5.26608e-07,6.32639e-07,0.999999
0.0195846,0.855604,0.124811
1.85041e-05,0.00485021,0.995131
1.08419e-05,0.00452842,0.995461
5.79413e-05,0.0517791,0.948163
0.000248945,0.982155,0.0175962
0.000575218,0.972287,0.0271379
0.00184968,0.97663,0.0215201
0.000116332,0.335826,0.664057
2.28263e-05,0.0504837,0.949493
0.00619717,0.971735,0.0220677
0.962761,0.0129318,0.0243069
0.879006,0.0347337,0.0862599
0.0200328,0.717332,0.262635
0.00119558,0.934891,0.0639132
1.25745e-05,0.0520529,0.947935
2.516e-14,3.0192e-14,1
4.75147e-12,5.70178e-12,1
2.76253e-11,3.31416e-11,1
5.32339e-14,6.34136e-14,1
0.000249405,0.00307442,0.996676
0.000213598,0.895821,0.103966
1.4943e-07,1.79424e-07,1
0.000126156,0.366276,0.633598
4.57558e-07,5.49562e-07,0.999999
0.000397744,0.977133,0.0224692
1.40769e-07,1.6902e-07,1
0.000390233,0.0301126,0.969497
0.00398379,8.92452e-05,0.995927
0.0320403,0.00201347,0.965946
0.000978124,0.040731,0.958291
0.306444,0.271209,0.422347
0.531333,0.201417,0.26725
3.19437e-06,0.999502,0.000494847
1.99958e-09,0.999974,2.56468e-05
0.162127,0.833644,0.00422894
0.445415,0.273402,0.281183
0.00112092,0.880906,0.117973
0.00334385,0.912167,0.0844889
0.320008,0.0845448,0.595447
9.38194e-10,1.12589e-09,1
0.00274101,0.0301069,0.967152
5.93645e-05,0.215496,0.784445
2.04242e-10,2.45079e-10,1
2.68799e-11,3.22342e-11,1
5.0088e-06,0.0031736,0.996821
2.57091e-05,0.00680884,0.993165
0.0303188,0.114711,0.85497
2.37758e-06,0.0518389,0.948159
0.000151089,0.242503,0.757346
0.000131259,0.244551,0.755318
0.000654868,0.707658,0.291688
6.11129e-11,7.33072e-11,1
3.13362e-14,3.27302e-14,1
3.4466e-09,2.08666e-09,1
3.80741e-07,4.57326e-07,0.999999
5.36455e-10,6.43722e-10,1
1.71542e-11,2.04162e-11,1
1.53561e-09,1.8424e-09,1
7.45007e-07,8.93079e-07,0.999998
0.00116511,0.00170681,0.997128
2.89193e-06,3.46288e-06,0.999994
7.08169e-07,8.48933e-07,0.999998
0.0814975,0.20543,0.713073
0.00297056,0.00190469,0.995125
1.43561e-05,0.00525768,0.994728
0.000255707,0.0140537,0.985691
0.137203,0.268591,0.594206
0.000169885,0.164792,0.835038
0.0119839,0.959839,0.0281769
0.00342809,0.942176,0.0543957
0.047625,0.260879,0.691496
0.443673,0.290437,0.265891
0.0137021,6.41928e-05,0.986234
7.89753e-13,9.19024e-13,1
1.22952e-13,1.4753e-13,1
2.44186e-14,2.93023e-14,1
3.28697e-11,3.94437e-11,1
0.000525017,0.779867,0.219608
4.28043e-09,5.13704e-09,1
7.01397e-06,0.00263844,0.997355
0.000565233,0.0368555,0.962579
4.96894e-07,5.93165e-07,0.999999
3.62159e-09,2.27032e-09,1
0.00464985,0.682922,0.312428
0.000668032,0.518479,0.480853
4.32441e-05,0.00926274,0.990694
0.000319112,0.482272,0.517409
0.000132753,0.705285,0.294582
5.16029e-07,6.19135e-07,0.999999
9.45767e-11,1.13493e-10,1
4.97537e-12,5.97046e-12,1
4.51753e-06,0.00299941,0.996996
1.31984e-09,1.58387e-09,1
3.47812e-05,0.00340617,0.996559
2.30432e-06,2.7713e-06,0.999995
4.13617e-06,0.00205989,0.997936
2.88711e-05,0.0807307,0.91924
1.18633e-06,1.42548e-06,0.999997
1.12624e-06,0.998867,0.00113147
6.34221e-10,0.999985,1.54238e-05
0.00329925,0.0216024,0.975098
0.000222485,0.00551321,0.994264
0.57571,0.00635392,0.417936
0.831543,0.0293473,0.13911
2.24536e-08,2.69489e-08,1
1.99089e-13,2.38907e-13,1
0.00243394,0.00913878,0.988427
1.12719e-11,1.35263e-11,1
5.44636e-13,6.53564e-13,1
1.80143e-08,2.16213e-08,1
7.64388e-11,9.17255e-11,1
0.000218589,0.149137,0.850645
0.000291968,0.0652298,0.934478
2.40746e-05,0.0706118,0.929364
7.58751e-13,8.86149e-13,1
3.08878e-08,1.68124e-08,1
1.12537e-08,6.16634e-09,1
0.0755192,0.434,0.49048
0.24943,0.611947,0.138623
8.60767e-05,0.533527,0.466387
0.000346564,0.724512,0.275142
0.000141386,0.051698,0.948161
4.85179e-06,0.0760118,0.923983
0.000786182,0.0443148,0.954899
5.30492e-05,0.00949921,0.990448
2.10865e-06,2.53605e-06,0.999995
1.09181e-10,1.30495e-10,1
0.000918521,0.00669488,0.992387
1.73029e-13,2.07635e-13,1
0.000378978,0.977706,0.021915
8.16337e-10,9.79645e-10,1
5.29948e-09,6.36008e-09,1
5.49552e-08,6.59688e-08,1
2.79089e-09,3.34922e-09,1
1.18956e-06,1.42805e-06,0.999997
6.59165e-11,7.91007e-11,1
0.000134132,0.0140786,0.985787
5.87137e-10,7.0459e-10,1
9.43138e-13,1.13176e-12,1
2.44186e-14,2.93023e-14,1
2.44226e-14,2.93051e-14,1
2.44187e-14,2.93024e-14,1
0.00208944,2.57094e-05,0.997885
2.85712e-07,3.42644e-07,0.999999
1.00746e-09,1.20899e-09,1
1.47998e-13,1.77598e-13,1
8.65052e-10,1.03811e-09,1
3.77489e-10,4.53001e-10,1
9.89848e-10,1.18788e-09,1
0.00148851,0.956028,0.0424832
2.08768e-06,2.43529e-06,0.999995
5.37848e-08,6.45599e-08,1
1.335e-09,1.60122e-09,1
2.77433e-11,3.28673e-11,1
9.34547e-08,1.12101e-07,1
6.30118e-12,7.56138e-12,1
1.17537e-09,1.41039e-09,1
7.46982e-11,8.96379e-11,1
0.263626,0.169615,0.566759
7.50144e-06,0.001707,0.998286
0.0217236,0.00103692,0.977239
0.231008,0.0594007,0.709592
0.147561,0.257123,0.595316
0.000238185,0.982522,0.0172399
1.02869e-05,0.0600574,0.939932
2.64391e-09,3.17295e-09,1
6.5921e-10,7.91027e-10,1
4.70141e-14,5.6417e-14,1
1.51006e-12,1.81207e-12,1
1.04136e-09,1.2497e-09,1
2.00776e-12,2.40898e-12,1
2.48284e-05,0.00615675,0.993818
2.10262e-07,2.52494e-07,1
5.23017e-09,6.23629e-09,1
7.26669e-08,8.72248e-08,1
2.89199e-10,1.45409e-10,1
1.93499e-11,9.75891e-12,1
1.49778e-08,1.77411e-08,1
8.32853e-12,4.16811e-12,1
5.45565e-07,2.73411e-07,0.999999
2.44186e-14,2.93024e-14,1
3.84402e-14,4.6125e-14,1
3.8324e-13,4.59888e-13,1
2.44188e-14,2.93024e-14,1
5.14241e-11,6.17084e-11,1
0.0136713,0.00332348,0.983005
5.30444e-10,6.3524e-10,1
8.01386e-08,9.61405e-08,1
3.76492e-10,4.5172e-10,1
0.0022784,2.60568e-05,0.997696
7.36505e-08,7.17127e-08,1
2.43711e-07,2.92541e-07,0.999999
5.19398e-12,6.23276e-12,1
0.0063597,0.00526153,0.988379
0.000156161,0.396042,0.603802
0.000374249,0.908089,0.0915369
0.0410976,0.636958,0.321944
0.0207708,0.412492,0.566738
9.56365e-05,0.279414,0.72049
1.70093e-06,0.0588779,0.94112
5.39408e-05,0.591767,0.408179
3.16556e-12,3.79865e-12,1
4.35789e-13,5.22918e-13,1
2.44186e-14,2.93023e-14,1
5.19346e-14,6.23215e-14,1
5.86648e-14,7.03977e-14,1
7.3268e-13,8.79215e-13,1
1.61424e-13,1.93709e-13,1
2.47049e-13,2.96459e-13,1
2.44187e-14,2.93024e-14,1
8.54227e-10,1.02504e-09,1
0.180994,0.0709826,0.748024
0.0273434,0.00146798,0.971189
1.03888e-06,1.24408e-06,0.999998
0.389457,0.200191,0.410353
0.0105602,0.000271973,0.989168
1.75191e-11,2.08553e-11,1
7.73899e-08,9.28363e-08,1
0.00178439,0.0718295,0.926386
0.000739978,0.141147,0.858113
0.000215094,0.14735,0.852435
0.00148405,0.239772,0.758744
0.000757555,0.0372862,0.961956
6.59156e-08,7.91237e-08,1
0.000216974,0.470216,0.529567
5.70053e-12,6.84067e-12,1
4.00016e-13,4.80015e-13,1
3.41341e-12,4.09608e-12,1
3.62883e-11,4.35456e-11,1
2.73244e-10,3.27901e-10,1
0.00341225,0.00432798,0.99226
0.0016221,0.94857,0.049808
0.00254315,0.969775,0.0276822
0.000183552,0.992943,0.00687309
0.000455865,0.975445,0.0240987
0.000157121,0.876789,0.123054
2.3103e-13,2.77236e-13,1
3.04474e-14,3.65359e-14,1
2.4447e-14,2.93221e-14,1
2.44186e-14,2.93023e-14,1
2.44186e-14,2.93023e-14,1
0.00290988,0.238676,0.758414
9.92954e-05,0.0143093,0.985591
0.00950327,0.000370636,0.990126
0.00206859,0.00549596,0.992435
1.14732e-07,1.37695e-07,1
9.29846e-05,0.989197,0.0107102
6.36259e-11,0.999991,8.73706e-06
6.46303e-08,7.75868e-08,1
1.96735e-06,0.0615501,0.938448
2.45405e-05,0.145443,0.854533
1.62419e-10,1.94907e-10,1
3.94878e-07,3.94439e-07,0.999999
4.7637e-10,3.19064e-10,1
0.00567741,0.00154153,0.992781
2.63395e-11,3.1605e-11,1
7.928e-05,0.00360606,0.996315
2.70062e-13,3.24073e-13,1
2.44186e-14,2.93023e-14,1
2.44186e-14,2.93023e-14,1
2.44222e-14,2.93049e-14,1
2.44192e-14,2.93028e-14,1
3.37448e-14,1.71372e-14,1
3.41404e-14,1.76101e-14,1
2.44186e-14,2.93023e-14,1
2.44186e-14,2.93023e-14,1
1.44166e-08,1.73032e-08,1
5.76178e-13,6.91415e-13,1
2.44186e-14,2.93023e-14,1
2.44186e-14,2.93023e-14,1
2.44186e-14,2.93023e-14,1
2.44186e-14,2.93023e-14,1
1.79123e-09,2.14961e-09,1
3.63883e-09,4.36479e-09,1
2.44227e-14,2.93052e-14,1
3.44654e-14,1.80153e-14,1
3.33333e-14,1.66667e-14,1
3.33333e-14,1.66667e-14,1
3.33333e-14,1.66667e-14,1
3.33333e-14,1.66667e-14,1
3.33333e-14,1.66667e-14,1
2.82502e-14,3.15764e-14,1
3.33337e-14,1.6667e-14,1
3.33333e-14,1.66667e-14,1
3.33333e-14,1.66667e-14,1
3.33333e-14,1.66667e-14,1
3.33333e-14,1.66667e-14,1
3.33333e-14,1.66667e-14,1
0.000699426,0.0414822,0.957818
0.00023233,0.0223963,0.977371
3.28746e-08,3.94519e-08,1
0.266816,0.144891,0.588294
7.86952e-11,3.93477e-11,1
8.45466e-07,9.62099e-07,0.999998
5.64042e-12,6.765e-12,1
3.32795e-05,0.12506,0.874907
1.12754e-06,1.35526e-06,0.999998
4.14202e-07,4.96779e-07,0.999999
1.40054e-05,0.937178,0.0628075
1.6724e-06,0.998582,0.00141613
2.84581e-05,0.147225,0.852746
0.000174135,0.886852,0.112974
1.12294e-06,1.34974e-06,0.999998
9.63743e-10,1.15655e-09,1
2.0315e-06,2.44319e-06,0.999996
0.000177507,0.0189649,0.980858
0.0117226,0.134391,0.853886
0.00503162,0.0422873,0.952681
0.969216,0.00885444,0.0219292
0.140065,0.251149,0.608786
2.96631e-08,1.54909e-08,1
0.00185207,0.0413989,0.956749
0.154887,0.380496,0.464618
0.260646,0.165186,0.574168
0.00541317,0.403822,0.590765
0.180302,0.739673,0.0800242
0.0391794,0.957128,0.00369228
1.9637e-05,0.931359,0.0686216
0.0060764,0.000680258,0.993243
0.00143136,0.000225119,0.998344
2.26124e-13,2.71343e-13,1
1.31854e-12,1.58092e-12,1
0.0124742,0.513771,0.473755
0.000126519,0.797437,0.202436
8.64568e-05,0.271035,0.728879
2.06556e-06,0.763652,0.236346
0.00463016,0.000515562,0.994854
0.0205267,0.18105,0.798423
0.230941,0.0787828,0.690276
7.90882e-08,3.96147e-08,1
3.98047e-07,4.62801e-07,0.999999
2.70611e-11,3.24696e-11,1
3.51829e-10,4.22201e-10,1
4.37299e-07,5.25295e-07,0.999999
4.19854e-05,0.0093172,0.990641
9.75473e-07,0.999566,0.000432643
0.0379181,0.404563,0.557519
0.000393538,0.00362783,0.995979
0.000275248,0.0248361,0.974889
2.64855e-12,3.17827e-12,1
5.78664e-05,0.597938,0.402004
0.000263299,0.981637,0.0180999
0.0116118,0.715737,0.272651
1.21741e-05,0.00411464,0.995873
7.80795e-10,9.36984e-10,1
1.00576e-06,7.25233e-07,0.999998
0.0030716,0.060386,0.936542
0.866501,0.00133244,0.132167
0.24236,0.64472,0.11292
0.000387516,0.536135,0.463477
1.56766e-06,1.88383e-06,0.999997
0.0542072,0.537839,0.407954
0.00928225,0.948956,0.0417614
0.0190684,0.468749,0.512182
0.461734,0.245841,0.292425
0.205772,0.720083,0.0741448
0.106618,0.867225,0.026157
1.058e-07,0.999996,3.60332e-06
3.27529e-05,0.993649,0.00631819
0.00470728,0.0758875,0.919405
0.00783,0.404941,0.587229
0.113538,0.00389622,0.882566
1.89593e-06,2.21652e-06,0.999996
7.40521e-10,8.88586e-10,1
1.81903e-08,2.18327e-08,1
1.12664e-10,1.35199e-10,1
0.00820383,0.196662,0.795134
3.68086e-10,4.40205e-10,1
0.0396322,0.131421,0.828947
0.0230247,0.784919,0.192057
0.00174189,0.0343613,0.963897
0.598937,0.0041601,0.396902
0.0693599,0.011334,0.919306
0.338901,0.340326,0.320773
0.00629471,0.00628804,0.987417
0.179449,0.599438,0.221113
0.0538073,0.618225,0.327968
0.00254493,0.976867,0.0205878
0.167682,0.269783,0.562535
7.87238e-07,3.94139e-07,0.999999
3.94349e-07,4.7356e-07,0.999999
0.000280287,0.00255653,0.997163
0.00074463,0.00691376,0.992342
0.000815296,0.0452042,0.953981
6.66541e-05,0.00851795,0.991415
6.69847e-05,0.0119124,0.988021
1.68885e-08,2.02702e-08,1
8.55683e-05,0.989645,0.0102696
1.6881e-05,0.0996685,0.900315
2.71727e-05,0.00531228,0.994661
0.00044309,0.250154,0.749403
0.000127842,0.511394,0.488479
0.000141544,0.8806,0.119258
3.69597e-06,0.997884,0.00211195
4.04942e-07,0.999302,0.000697741
0.00540117,0.991233,0.00336584
0.00270695,0.956529,0.0407638
0.0634628,0.73366,0.202878
3.56833e-06,3.70986e-06,0.999993
0.000126787,0.00574718,0.994126
0.00103582,0.000155857,0.998808
2.44299e-14,2.93102e-14,1
3.33507e-14,1.66861e-14,1
3.6579e-14,2.11571e-14,1
2.46991e-14,2.94962e-14,1
3.33333e-14,1.66667e-14,1
3.79524e-14,2.41552e-14,1
2.58132e-13,1.46536e-13,1
1.36321e-09,1.5276e-09,1
0.000789568,0.0552436,0.943967
3.35803e-06,0.00258875,0.997408
3.24089e-06,3.89993e-06,0.999993
0.580594,0.0187115,0.400694
1.05756e-06,1.26785e-06,0.999998
0.0995574,0.677302,0.22314
1.22713e-06,1.46816e-06,0.999997
0.536086,0.188361,0.275554
0.999121,0.000277774,0.000601579
0.999327,0.000354256,0.000318957
0.0164263,0.936838,0.046736
0.0156121,0.437246,0.547142
0.000724302,0.614477,0.384799
1.13381e-05,0.00480829,0.99518
2.44186e-14,2.93023e-14,1
2.44186e-14,2.93023e-14,1
2.44186e-14,2.93023e-14,1
2.44186e-14,2.93023e-14,1
6.29234e-09,7.55174e-09,1
0.0643394,0.734098,0.201563
5.02404e-09,6.02951e-09,1
3.58931e-14,2.00176e-14,1
3.33333e-14,1.66667e-14,1
3.33333e-14,1.66667e-14,1
3.33333e-14,1.66667e-14,1
3.33333e-14,1.66667e-14,1
3.33333e-14,1.66667e-14,1
3.33334e-14,1.66667e-14,1
2.45605e-14,2.94009e-14,1
3.33333e-14,1.66667e-14,1
2.44491e-14,2.93236e-14,1
2.72817e-14,3.10813e-14,1
2.44186e-14,2.93023e-14,1
2.468e-14,2.94831e-14,1
2.11287e-11,2.46548e-11,1
3.21029e-05,0.00139051,0.998577
0.000377594,0.0295707,0.970052
0.0146335,0.932785,0.0525814
0.000584017,0.0349176,0.964498
0.0126904,0.0553386,0.931971
0.00661523,0.976949,0.0164355
5.13324e-05,0.198725,0.801223
3.22444e-05,0.632954,0.367014
1.38542e-05,0.00532399,0.994662
1.59709e-09,1.91662e-09,1
5.00083e-09,6.00165e-09,1
1.12632e-05,0.996593,0.00339602
0.109607,0.804638,0.0857544
0.647794,0.117907,0.234299
0.00402994,0.000534149,0.995436
0.0740484,0.690486,0.235465
0.240624,0.302759,0.456618
0.0146523,0.984465,0.000882597
0.101924,0.875193,0.0228834
0.267486,0.552516,0.179999
0.290343,0.502513,0.207144
0.330073,0.455356,0.214571
4.73473e-07,0.999355,0.000644635
6.46112e-12,0.999999,1.14519e-06
7.48516e-06,0.99708,0.00291249
0.857625,0.11083,0.0315451
2.58596e-05,0.994362,0.00561197
0.00607455,0.991705,0.00222072
0.284575,0.483873,0.231553
0.00012031,0.755693,0.244187
0.00079776,0.546579,0.452623
0.00040902,0.328038,0.671553
0.000713145,0.00805365,0.991233
0.00320437,0.137674,0.859122
0.000432957,0.841331,0.158236
6.76501e-08,0.999716,0.000284286
5.48067e-05,0.991779,0.00816645
2.00839e-06,0.998822,0.00117624
0.0118591,0.987649,0.000492122
0.954599,0.0452814,0.000119189
0.208262,0.701332,0.0904057
0.398708,0.333087,0.268205
0.249346,0.669937,0.0807171
0.0481651,0.941878,0.00995691
1.33986e-08,0.999998,1.74993e-06
0.559172,0.336094,0.104734
0.159071,0.82559,0.0153394
0.254186,0.667974,0.0778396
0.0134842,0.0703057,0.91621
0.343225,0.316614,0.340161
1.0251e-06,0.999832,0.000167355
0.00575107,0.99389,0.000359254
1.55781e-07,0.999999,1.28052e-06
0.508415,0.486868,0.0047178
0.597478,0.239826,0.162696
0.635255,0.357882,0.00686251
0.28516,0.336115,0.378725
0.473283,0.218687,0.308029
0.283833,0.508044,0.208123
0.693533,0.204063,0.102403
0.607228,0.391387,0.0013852
0.0200774,0.978363,0.00155962
0.0253835,0.948362,0.0262543
1.106e-06,0.99998,1.92116e-05
0.341045,0.358671,0.300284
0.33827,0.326443,0.335286
0.733755,0.0852957,0.180949
0.483843,0.160155,0.356003
0.197502,0.136591,0.665908
0.990111,0.00171189,0.00817703
0.697487,0.194264,0.108248
0.00189052,0.99348,0.00462962
0.0015997,0.996915,0.00148481
1.05076e-05,0.996422,0.00356764
0.125459,0.438482,0.43606
0.0494155,0.224277,0.726308
0.0065872,4.8148e-05,0.993365
0.443841,0.0234522,0.532707
0.0236498,0.882062,0.0942879
0.294166,0.705752,8.21602e-05
0.615389,0.120294,0.264316
0.0023849,0.0162411,0.981374
3.33266e-07,1.66453e-07,1
1.82905e-07,9.13786e-08,1
0.149394,0.000217985,0.850388
0.201562,0.000476397,0.797961
0.0145255,0.0531774,0.932297
0.994402,0.00185238,0.00374537
0.996914,0.00262966,0.000456485
0.0476338,0.951055,0.00131105
0.0136105,0.986133,0.00025647
0.909194,0.0876995,0.00310602
0.0714947,0.925242,0.00326355
2.5921e-05,0.994366,0.00560806
0.0103834,0.862594,0.127022
0.128389,0.83129,0.040321
0.0812709,0.334314,0.584415
0.86916,0.0245428,0.106297
0.997691,0.000355279,0.00195339
0.938964,0.00889836,0.0521376
0.186147,0.287626,0.526227
0.293356,0.317458,0.389187
0.0788888,0.201375,0.719736
0.243176,0.610413,0.146411
0.193621,0.307069,0.49931
0.014872,0.977212,0.00791588
0.693827,0.0972376,0.208935
0.352445,0.318629,0.328926
0.884059,0.0510675,0.0648736
0.999195,0.000264338,0.000540882
0.999413,1.4657e-06,0.000585667
0.999412,1.46844e-06,0.000586131
0.999995,1.93034e-06,3.4357e-06
0.99835,0.00158083,6.9073e-05
0.477079,0.224754,0.298166
0.0700723,0.925328,0.00459987
0.824668,0.164809,0.0105225
0.00183047,0.998,0.000169822
1.6229e-11,0.999999,1.02481e-06
0.118241,0.881276,0.000482951
0.733485,0.264473,0.0020424
0.998687,0.000613288,0.000699936
0.868315,0.130806,0.000879684
0.952275,0.00403847,0.0436868
0.997423,5.9665e-05,0.00251762
6.9061e-07,0.999291,0.000708373
0.0678727,0.64098,0.291148
0.296419,0.437335,0.266246
1.55146e-05,0.995773,0.004211
0.0669976,0.918573,0.0144295
0.996722,0.000358612,0.00291914
0.916854,0.0114089,0.0717374
0.0025921,0.997218,0.000190294
0.0412723,0.950416,0.00831221
0.0101978,0.989376,0.000426215
0.0116086,0.987978,0.000413074
0.000366292,0.978457,0.0211772
0.753242,0.0579645,0.188794
0.315548,0.31634,0.368112
0.348532,0.321268,0.3302
0.231226,0.645253,0.123521
0.0185204,0.0877061,0.893773
0.00128212,0.218758,0.77996
0.000119908,0.94515,0.0547298
0.0072176,0.810646,0.182137
0.009228,0.987597,0.00317529
0.00139962,0.957548,0.0410524
0.0835318,0.213618,0.70285
0.0111185,0.465686,0.523196
0.000603605,0.387708,0.611689
0.0187174,0.977938,0.00334423
0.999846,5.56976e-05,9.79883e-05
0.995507,0.00294921,0.00154404
0.982154,0.0177867,5.89651e-05
0.00967252,0.990299,2.88128e-05
0.00637308,0.991304,0.00232308
1.91624e-07,0.999994,5.78516e-06
0.00268553,0.997069,0.000245058
0.192975,0.730583,0.0764412
0.244825,0.254049,0.501126
0.970259,0.00456669,0.0251742
0.726692,0.0799416,0.193367
0.995215,0.00473552,4.91831e-05
0.995927,0.00397968,9.34422e-05
2.25477e-06,0.999059,0.000938753
0.00831078,0.987302,0.00438712
0.0447748,0.954404,0.00082166
0.0204355,0.904327,0.075238
0.784095,0.206269,0.00963663
0.117685,0.851556,0.0307595
0.0196536,0.703296,0.277051
0.941971,0.051912,0.00611692
0.0787385,0.168288,0.752974
0.865397,0.0258822,0.10872
0.991243,0.00027007,0.00848651
0.201598,0.705112,0.0932895
0.00561085,0.993383,0.00100635
0.0205747,0.97843,0.000995197
1.47664e-08,0.999867,0.00013307
3.96185e-05,0.943355,0.0566055
0.000218079,0.983263,0.0165188
0.00247086,0.99583,0.00169906
0.0217006,0.976846,0.00145347
0.610596,0.0836263,0.305777
0.871724,0.0713169,0.0569593
0.333591,0.329407,0.337002
0.919212,0.0773984,0.00338926
0.303174,0.498514,0.198313
0.102556,0.886465,0.0109785
0.215108,0.306993,0.477898
0.00041206,0.242906,0.756682
3.2161e-05,0.993715,0.00625308
0.983409,0.000840363,0.0157506
0.40089,0.279456,0.319654
0.347465,0.31356,0.338975
0.210135,0.686432,0.103434
0.881773,0.0232402,0.0949871
0.0122827,0.9802,0.00751747
2.26961e-08,0.999998,1.58884e-06
0.374952,0.596689,0.0283594
0.22366,0.773738,0.00260211
0.721801,0.27797,0.000228882
0.0118577,0.984957,0.00318498
0.613976,0.148717,0.237307
0.425166,0.399899,0.174935
0.209077,0.537492,0.253431
0.162232,0.83337,0.004398
0.600597,0.194862,0.204541
0.997172,0.000125336,0.00270218
0.938491,0.00975147,0.0517578
0.632487,0.0680255,0.299488
0.891512,0.0188714,0.0896164
0.992746,0.000745936,0.00650835
0.958482,0.0349841,0.00653439
0.00758381,0.878767,0.113649
2.13281e-05,0.995837,0.00414177
0.00068808,0.826152,0.17316
0.00122691,0.483793,0.51498
0.00881352,0.054542,0.936644
0.00624511,0.688116,0.305639
0.186176,0.247985,0.565839
0.975458,0.00393228,0.0206095
0.988248,0.011657,9.48473e-05
0.999101,0.000338855,0.000560322
0.823763,0.0152506,0.160986
0.982496,0.0135653,0.00393857
0.900832,0.017055,0.0821125
0.00438928,0.912098,0.0835127
0.00211082,0.997327,0.000562206
0.0427424,0.596146,0.361112
0.40212,0.39085,0.20703
0.492047,0.210538,0.297415
0.00270259,0.460109,0.537188
0.0178219,0.70277,0.279408
0.221606,0.620451,0.157943
0.954886,0.0074067,0.0377076
0.835956,0.0358676,0.128176
0.48277,0.135352,0.381878
0.130444,0.0595964,0.80996
0.997344,3.91982e-05,0.0026173
0.760699,0.0656831,0.173617
0.064806,0.178241,0.756953
0.102324,0.79304,0.104636
0.00443934,0.232003,0.763558
0.000845473,0.966352,0.0328029
0.318422,0.440532,0.241047
0.00045318,0.97553,0.0240164
6.35575e-07,0.999285,0.000714512
0.357808,0.373362,0.26883
0.0507738,0.942115,0.00711133
0.204156,0.685843,0.110001
0.000144199,0.986477,0.0133786
0.0158394,0.97997,0.00419034
0.00140507,0.984328,0.0142669
0.542157,0.291715,0.166128
0.712456,0.0142507,0.273294
0.3881,0.289614,0.322286
0.977468,0.00564375,0.0168885
0.959258,0.00717448,0.0335678
1.70623e-06,0.9986,0.0013986
0.921434,0.00967786,0.0688879
0.951979,0.0426159,0.00540539
3.48991e-08,0.999937,6.26178e-05
4.72281e-06,0.997898,0.0020973
0.00013911,0.958356,0.0415049
4.4969e-08,0.999929,7.12661e-05
1.91748e-08,0.999916,8.39336e-05
0.253585,0.573325,0.173089
0.447272,0.247568,0.305159
0.974586,0.00291936,0.0224949
0.657507,0.288388,0.0541053
0.815181,0.131798,0.0530211
0.68133,0.134929,0.183741
0.982943,0.000935229,0.0161216
0.37522,0.299768,0.325013
0.000224401,0.00359755,0.996178
0.718928,0.0789113,0.202161
0.86234,0.00438121,0.133279
0.455799,0.00117109,0.54303
0.0014313,0.00963489,0.988934
0.0796315,0.754153,0.166215
0.152895,0.685855,0.16125
6.63977e-07,0.999538,0.000460956
0.0706847,0.923166,0.00614909
0.120464,0.846923,0.0326122
0.762757,0.0788128,0.15843
0.0129511,0.98588,0.00116859
0.945061,0.00524758,0.0496917
0.999822,6.10529e-05,0.000117427
0.999899,2.17749e-05,7.92926e-05
0.999295,2.78395e-06,0.00070191
0.575136,0.423013,0.00185053
0.283258,0.71275,0.0039911
4.70109e-06,2.3497e-06,0.999993
0.313295,0.326838,0.359867
1.85415e-09,9.27121e-10,1
6.76743e-09,3.3833e-09,1
1.10043e-09,5.50184e-10,1
7.03265e-11,3.51627e-11,1
0.0525315,0.156843,0.790626
0.333333,0.333333,0.333333
0.00108939,0.998549,0.000361374
0.0011079,0.835368,0.163524
8.46514e-05,0.261038,0.738878
0.000661419,0.817813,0.181526
0.000568278,0.0350377,0.964394
0.133273,0.0282606,0.838466
0.710303,0.0312332,0.258464
0.0572634,0.0797934,0.862943
0.988518,0.00158216,0.00990027
0.635797,0.133425,0.230778
0.960707,0.00404558,0.0352477
0.479461,0.240835,0.279704
2.82065e-07,1.41131e-07,1
3.10345e-06,2.5444e-06,0.999994
4.23558e-08,2.32277e-08,1
0.00050261,0.00251713,0.99698
0.0507206,0.0129966,0.936283
0.0222522,0.00388676,0.973861
0.8225,0.0462443,0.131256
0.000369568,0.00794781,0.991683
0.0188101,0.0993543,0.881836
0.0282312,0.33496,0.636809
0.00849672,0.0534666,0.938037
0.326641,0.346097,0.327262
0.357879,0.314348,0.327773
0.341345,0.321478,0.337177
0.571252,0.163091,0.265657
0.995174,0.000817395,0.00400887
0.990484,0.000333491,0.00918221
0.716612,0.0576717,0.225716
0.00420289,0.99555,0.000247221
2.41151e-06,0.999996,1.30578e-06
3.71192e-14,1,1.80974e-07
0.383904,0.615887,0.000208917
1.83726e-06,0.999997,1.00273e-06
6.08131e-08,1,8.04738e-08
3.46443e-13,1,9.61991e-08
2.28653e-13,0.999999,5.06645e-07
6.66376e-08,1,2.30422e-07
0.888064,0.0347042,0.0772319
0.221634,0.778308,5.81982e-05
0.953643,0.0457708,0.000585743
0.999706,0.000213815,8.06182e-05
0.989586,0.000379843,0.0100338
0.985685,0.00862006,0.00569527
0.992749,0.00481106,0.00244021
0.279686,0.719894,0.000420089
0.996618,0.00333169,4.98156e-05
0.960536,0.0260706,0.0133929
0.752546,0.241146,0.00630834
0.0483182,0.941891,0.009791
0.427641,0.394379,0.177979
2.96378e-08,0.999968,3.15751e-05
0.0117405,0.985203,0.0030564
0.286785,0.549305,0.16391
7.8823e-07,0.999371,0.000628054
8.38147e-08,0.999689,0.000311398
0.476079,0.302197,0.221724
0.0242189,0.972109,0.0036717
0.00426709,0.99503,0.000703205
0.442521,0.375115,0.182364
0.325289,0.335319,0.339392
0.0231639,0.344608,0.632228
0.00889183,0.990339,0.000768945
0.180272,0.233336,0.586393
0.533634,0.0727605,0.393605
0.73415,0.259489,0.00636062
0.563071,0.406491,0.0304383
0.994795,0.00319214,0.00201246
0.265117,0.728127,0.00675667
0.586928,0.412942,0.000129724
0.998835,0.000315511,0.000849666
0.230451,0.754379,0.0151696
0.358689,0.622045,0.019266
0.00102557,0.98913,0.00984484
0.573825,0.173807,0.252368
0.36328,0.402729,0.233991
7.36898e-07,0.999093,0.000905886
5.08191e-08,0.999999,6.95771e-07
0.979223,0.0204665,0.000310105
0.999634,0.000125529,0.000240146
0.999747,0.000241242,1.18369e-05
0.996871,6.44612e-05,0.00306432
0.677936,0.179295,0.142769
0.00178675,0.997898,0.000315537
0.14896,0.803726,0.0473144
0.00296409,0.996047,0.000988498
4.30792e-07,0.999715,0.000284824
0.998158,0.00137009,0.000471794
0.960597,0.0281336,0.0112691
0.999923,3.10963e-05,4.5733e-05
0.86403,0.135917,5.29285e-05
0.979164,0.0206127,0.00022345
0.830755,0.153659,0.0155852
0.405105,0.34861,0.246285
0.850706,0.14892,0.000374348
0.485738,0.509607,0.00465481
0.6174,0.0928112,0.289789
0.99763,6.49918e-05,0.00230459
0.906215,0.0429094,0.0508761
0.0228052,0.97717,2.4358e-05
0.750794,0.247559,0.00164725
0.0955886,0.903753,0.000658664
0.00613743,0.993313,0.000549458
0.00858052,0.0088805,0.982539
0.000309777,0.00565884,0.994031
0.00265844,0.0149684,0.982373
0.0447677,0.0771066,0.878126
0.896066,0.0161518,0.0877819
0.524575,0.45068,0.0247457
0.977215,0.00798034,0.0148044
0.999983,1.01119e-07,1.67384e-05
0.999679,0.000103576,0.000217077
0.992733,0.000206114,0.00706127
0.981812,0.00143831,0.0167501
0.464611,0.236484,0.298905
0.0491921,0.94542,0.0053876
0.435585,0.437948,0.126468
0.0192847,0.957665,0.0230502
0.535247,0.246999,0.217755
0.516394,0.221034,0.262571
0.105009,0.870041,0.0249498
0.00138557,0.99832,0.000294533
0.910286,0.0793023,0.0104122
0.498251,0.198881,0.302869
0.857575,0.0298353,0.11259
0.643503,0.0902997,0.266197
0.68821,0.189651,0.122139
0.987968,0.00975443,0.0022776
0.999379,0.000485447,0.000135911
0.999857,9.27864e-06,0.000133576
0.301026,0.326051,0.372924
0.315948,0.38796,0.296092
0.0390305,0.0596697,0.9013
0.236958,0.728932,0.0341093
0.973316,0.00311583,0.0235683
0.114215,0.883539,0.0022455
0.139015,0.820064,0.0409206
0.0434127,0.947162,0.0094257
0.134251,0.826496,0.0392536
0.987075,0.000748784,0.0121758
0.78244,0.0558565,0.161703
0.661075,0.114644,0.224281
0.323,0.331561,0.345439
0.315652,0.328766,0.355582
0.342437,0.31079,0.346773
0.018827,0.453137,0.528036
0.00048882,0.00847987,0.991031
0.000697829,0.0408472,0.958455
0.00294078,0.0104086,0.986651
0.000183657,0.00558661,0.99423
8.01289e-11,4.00641e-11,1
5.14279e-09,2.57184e-09,1
1.41739e-07,7.11624e-08,1
0.00198778,0.981292,0.0167202
0.0460141,0.949273,0.00471328
0.721845,0.278143,1.15821e-05
2.06825e-08,0.999999,1.13791e-06
5.20185e-07,0.99999,9.45127e-06
0.000559164,0.829304,0.170136
1.3872e-09,0.999959,4.08022e-05
0.0235358,0.971214,0.0052498
0.00235055,0.99735,0.000299167
4.23627e-06,0.998059,0.00193641
1.86542e-07,0.9998,0.000200274
0.165187,0.83431,0.00050342
0.839812,0.158866,0.00132199
0.00167486,0.998273,5.23999e-05
0.948114,0.0150954,0.0367906
2.33846e-06,0.999996,1.71402e-06
0.001233,0.998588,0.000178607
0.00626756,0.804718,0.189015
0.113598,0.242045,0.644358
0.361338,0.315378,0.323283
2.45596e-07,0.999653,0.00034673
0.235181,0.40176,0.363059
0.00675235,0.965391,0.0278568
0.00804376,0.989439,0.00251679
0.776353,0.0673445,0.156303
0.886806,0.108844,0.00435082
0.0252992,0.972279,0.00242208
0.00643417,0.992506,0.00105939
0.0148244,0.984344,0.000831207
0.603531,0.150939,0.24553
0.807684,0.106224,0.0860916
0.972474,0.00226516,0.0252613
0.406521,0.47878,0.114699
0.872079,0.0597595,0.0681612
0.927572,0.0705613,0.00186684
0.00368851,0.987888,0.00842307
0.236969,0.760329,0.00270195
0.0381078,0.961661,0.000231393
0.375667,0.623871,0.000461454
0.0378663,0.962084,4.93831e-05
0.0549404,0.945039,2.04093e-05
0.00703281,0.992966,7.34221e-07
0.980355,0.0195534,9.18968e-05
0.990114,0.00981771,6.8072e-05
0.999885,6.45338e-05,5.08096e-05
0.999966,2.27123e-05,1.15346e-05
0.476476,0.112474,0.41105
0.948812,0.00678179,0.0444063
0.999948,1.10575e-07,5.14937e-05
0.959297,0.00307118,0.0376321
0.915709,0.0111705,0.073121
0.440762,0.248085,0.311153
0.975416,0.00941594,0.0151684
0.95995,0.00411522,0.0359344
0.998942,4.5249e-05,0.00101315
0.985915,0.00145427,0.0126307
0.066035,0.933757,0.000208036
0.963299,0.0269162,0.00978427
0.911868,0.0515267,0.0366056
0.0621526,0.936457,0.00139058
0.0401592,0.959223,0.000617896
0.0350171,0.964607,0.000375842
0.999917,5.63515e-05,2.69479e-05
0.989991,0.000349908,0.00965951
0.883126,0.0194983,0.0973759
0.867548,0.0245531,0.107899
0.0134964,0.982345,0.00415844
0.183068,0.811749,0.00518281
0.0593428,0.939778,0.000878973
0.0488945,0.94562,0.00548573
0.816803,0.0483977,0.134799
0.925828,0.0741323,3.99302e-05
0.63855,0.361229,0.000221032
0.877248,0.0215377,0.101215
0.0131065,0.970149,0.016744
0.271691,0.54793,0.180379
0.0691504,0.914427,0.016423
0.98221,0.0134008,0.00438899
0.978212,0.0210406,0.000747136
0.954869,0.0428121,0.0023186
0.331736,0.332724,0.33554
0.0345629,0.128492,0.836945
3.33333e-14,1.66667e-14,1
3.33333e-14,1.66667e-14,1
3.33333e-14,1.66667e-14,1
3.33333e-14,1.66667e-14,1
3.33333e-14,1.66667e-14,1
9.77804e-13,4.88903e-13,1
3.33333e-14,1.66667e-14,1
3.33333e-14,1.66667e-14,1
3.33333e-14,1.66667e-14,1
3.33333e-14,1.66667e-14,1
3.33333e-14,1.66667e-14,1
3.33333e-14,1.66667e-14,1
6.88345e-11,6.29533e-11,1
3.33335e-14,1.66669e-14,1
3.33333e-14,1.66667e-14,1
3.33333e-14,1.66667e-14,1
3.33333e-14,1.66667e-14,1
3.33333e-14,1.66667e-14,1
1.4583e-07,1.75015e-07,1
3.16558e-05,0.0503338,0.949634
1.86857e-06,2.23781e-06,0.999996
2.08305e-06,2.50407e-06,0.999995
2.70448e-07,3.23977e-07,0.999999
0.00014086,0.155729,0.84413
2.95161e-05,0.153528,0.846442
1.0104e-08,1.21262e-08,1
0.00965878,0.622864,0.367477
0.0261151,0.794888,0.178997
0.0382136,0.1262,0.835586
2.97952e-06,3.36376e-06,0.999994
0.00347358,6.90284e-05,0.996457
5.01619e-07,6.02541e-07,0.999999
0.0032524,0.0352488,0.961499
0.242914,0.556354,0.200732
0.0291713,0.00170951,0.969119
0.00213669,0.00164097,0.996222
0.0311622,0.330457,0.638381
0.00013141,0.546532,0.453336
5.41886e-05,0.154947,0.844999
6.60727e-06,0.954483,0.0455108
1.77279e-05,0.995341,0.00464092
1.19125e-08,0.99988,0.000119564
1.74365e-08,0.999912,8.75709e-05
2.04744e-05,0.995136,0.00484347
4.76929e-09,0.999953,4.74106e-05
0.0120328,0.987964,2.78199e-06
0.00257511,0.982759,0.014666
0.000548704,0.0248095,0.974642
3.19728e-09,3.08719e-09,1
1.56956e-10,1.88032e-10,1
5.6271e-14,4.61798e-14,1
0.0556645,1.0146e-05,0.944325
0.0669015,0.0129561,0.920142
0.000749913,0.0372552,0.961995
0.000658739,0.970299,0.0290424
0.000655315,0.0399976,0.959347
0.000905389,0.374567,0.624528
4.45959e-07,0.999269,0.000730871
0.615312,0.136232,0.248455
0.95971,0.0353714,0.00491872
0.000632984,0.970839,0.0285281
0.000872281,0.965544,0.033584
0.000228356,0.0202407,0.979531
4.13713e-05,0.0817558,0.918203
0.06063,0.641059,0.298311
7.42022e-05,0.650519,0.349407
7.9924e-07,9.5945e-07,0.999998
5.85653e-05,0.991474,0.00846719
5.83833e-05,0.941959,0.057983
3.3428e-07,0.999368,0.000631841
0.000605325,0.971506,0.0278883
3.33357e-14,1.66693e-14,1
3.33333e-14,1.66667e-14,1
3.33333e-14,1.66667e-14,1
3.33333e-14,1.66667e-14,1
3.33333e-14,1.66667e-14,1
3.33338e-14,1.66672e-14,1
3.33333e-14,1.66667e-14,1
2.52789e-14,2.98839e-14,1
0.0474033,0.937885,0.0147116
0.950211,0.0269604,0.0228286
0.295957,0.343737,0.360306
0.086985,0.844834,0.0681807
0.0277259,0.168933,0.803341
5.21074e-05,0.175381,0.824567
9.83336e-07,0.999989,1.02524e-05
1.03221e-09,0.999997,2.73532e-06
1.68838e-05,0.950402,0.0495815
0.339432,0.52131,0.139258
3.73229e-05,0.99324,0.00672259
0.230588,0.303757,0.465655
0.0132721,0.985746,0.000982195
0.001259,0.998537,0.000204301
4.99473e-08,0.999755,0.000244831
2.89155e-05,0.994074,0.00589705
0.0114873,0.247806,0.740707
0.000119504,0.200375,0.799505
1.95402e-06,1.80078e-06,0.999996
0.0961838,0.693522,0.210294
0.0248962,0.959037,0.0160666
6.64328e-08,0.999773,0.000227003
7.81946e-08,0.999889,0.000110884
1.31209e-09,0.999984,1.55917e-05
6.56469e-07,0.999111,0.000887978
5.16671e-11,0.999992,7.61753e-06
2.40084e-10,1,3.63739e-07
7.43589e-10,0.999987,1.34899e-05
0.190995,0.730143,0.0788619
0.00389477,0.987591,0.00851373
0.00061542,0.524073,0.475311
2.10217e-05,0.076321,0.923658
0.0122195,0.0277591,0.960021
0.000298304,0.559641,0.440061
0.0147366,0.932032,0.0532316
0.0692965,0.599018,0.331685
0.326105,0.215522,0.458373
0.000307909,0.00270736,0.996985
0.00207916,0.0117271,0.986194
3.41832e-05,0.0039676,0.995998
0.000263414,0.304802,0.694935
2.68544e-07,0.999492,0.000508055
0.00737243,0.991792,0.0008358
0.000101096,0.622728,0.377171
6.40131e-08,0.999735,0.000264919
0.000835575,0.968073,0.0310911
5.30955e-06,0.00236091,0.997634
3.7461e-05,0.00881537,0.991147
1.76501e-05,0.105077,0.894905
1.0372e-09,1.24469e-09,1
4.09677e-12,4.91614e-12,1
1.4931e-05,0.00241735,0.997568
9.09243e-05,0.279369,0.72054
8.3843e-06,0.00398868,0.996003
0.00106051,0.997527,0.00141228
5.70487e-10,0.999974,2.61653e-05
1.14227e-09,0.999963,3.70245e-05
1.79997e-05,0.949185,0.0507973
0.000419803,0.523857,0.475723
0.0486735,0.513132,0.438195
0.00641304,0.000779181,0.992808
5.20913e-07,6.2483e-07,0.999999
0.596398,0.00820538,0.395397
9.7282e-07,6.56067e-07,0.999998
2.00961e-05,0.00579287,0.994187
3.72819e-12,4.47384e-12,1
9.83072e-07,1.1815e-06,0.999998
1.48955e-05,0.119864,0.880121
6.7469e-07,8.10468e-07,0.999999
7.66279e-07,9.20781e-07,0.999998
1.42443e-05,0.00535395,0.994632
1.07537e-08,1.29065e-08,1
5.09752e-05,0.992046,0.00790292
0.000296818,0.980364,0.0193396
1.31937e-05,0.681275,0.318711
0.000431954,0.0318142,0.967754
0.057318,0.0396821,0.903
0.000306795,0.0113806,0.988313
3.82799e-05,0.00165244,0.998309
2.1954e-08,2.56383e-08,1
0.00834845,0.00209967,0.989552
6.54609e-07,7.70009e-07,0.999999
0.00113995,0.0322534,0.966607
2.21942e-06,0.998362,0.0016355
5.61874e-05,0.59148,0.408464
0.00878571,0.33055,0.660664
0.00331298,0.887202,0.109485
0.01322,0.116023,0.870757
0.57046,0.0368937,0.392646
0.326247,0.348324,0.32543
0.000122474,0.987568,0.0123098
0.000298495,0.856174,0.143528
0.00680197,0.941592,0.0516059
2.75808e-10,3.28419e-10,1
7.89843e-14,4.31297e-14,1
3.58825e-11,1.79556e-11,1
1.71874e-05,0.0059411,0.994042
0.000302186,0.0260574,0.97364
2.58913e-14,3.02738e-14,1
3.33337e-14,1.6667e-14,1
3.33358e-14,1.66695e-14,1
2.57231e-14,3.01688e-14,1
3.36986e-14,1.70833e-14,1
2.57969e-14,3.02151e-14,1
2.44224e-14,2.9305e-14,1
2.44187e-14,2.93024e-14,1
2.44186e-14,2.93023e-14,1
2.44186e-14,2.93023e-14,1
2.44186e-14,2.93023e-14,1
2.44186e-14,2.93023e-14,1
3.48142e-10,4.17783e-10,1
7.44194e-09,8.93152e-09,1
6.11781e-11,7.34146e-11,1
2.44186e-14,2.93023e-14,1
2.44186e-14,2.93023e-14,1
3.85589e-14,2.92873e-14,1
3.12699e-14,3.27131e-14,1
3.33333e-14,1.66667e-14,1
3.33334e-14,1.66667e-14,1
3.33333e-14,1.66667e-14,1
2.70034e-14,3.09286e-14,1
2.19912e-11,1.40751e-11,1
2.44187e-14,2.93024e-14,1
1.2286e-12,1.47431e-12,1
5.23945e-10,6.28756e-10,1
6.04891e-08,7.26139e-08,1
8.14782e-12,9.75866e-12,1
0.00110684,0.0693816,0.929512
0.022899,0.00374807,0.973353
0.784615,0.0533505,0.162034
0.000766943,0.127329,0.871904
9.25874e-05,0.0137906,0.986117
5.06537e-05,0.603498,0.396451
5.17153e-12,6.20571e-12,1
5.40868e-12,6.49043e-12,1
1.83144e-06,2.19406e-06,0.999996
6.55268e-07,7.87304e-07,0.999999
0.000311061,0.0205554,0.979134
1.61348e-06,1.93999e-06,0.999996
0.000109849,0.0101188,0.989771
5.6901e-06,0.00251525,0.997479
3.63804e-05,0.00842982,0.991534
1.82613e-06,0.001885,0.998113
2.40145e-05,0.00692006,0.993056
7.36432e-10,6.38513e-10,1
6.73184e-11,6.23877e-11,1
4.24472e-11,5.08339e-11,1
2.79726e-05,0.00760788,0.992364
5.43946e-13,6.52315e-13,1
3.20252e-06,3.84553e-06,0.999993
0.213502,0.445873,0.340624
0.000536857,0.974314,0.0251494
0.000924217,0.000411195,0.998665
0.000178199,0.524005,0.475817
0.000230027,0.0221288,0.977641
0.000183392,0.016673,0.983144
2.78329e-05,0.00598012,0.993992
1.14919e-05,0.0740736,0.925915
0.883578,0.060941,0.0554807
0.149278,0.799429,0.0512931
0.0616671,0.768761,0.169572
4.57949e-05,0.619108,0.380846
1.15773e-05,0.942789,0.0571993
0.000257072,0.0240504,0.975693
3.0407e-08,3.6498e-08,1
5.71306e-05,0.010489,0.989454
0.998754,7.05552e-05,0.00117535
0.30331,0.324251,0.372439
0.187798,0.279208,0.532994
0.000800633,0.0356428,0.963557
3.09861e-09,2.74426e-09,1
4.8557e-07,3.37347e-07,0.999999
0.0269673,0.084822,0.888211
1.05285e-05,0.996431,0.00355849
3.18647e-05,0.00605594,0.993912
1.21805e-05,0.0577835,0.942204
4.33107e-06,0.997712,0.0022835
0.00222791,0.619279,0.378493
2.10985e-06,0.998403,0.00159456
3.07231e-12,0.999998,1.79802e-06
3.32144e-05,0.993802,0.00616511
5.91406e-08,0.999734,0.000266242
1.6508e-10,0.999986,1.39864e-05
0.00150259,0.665248,0.33325
0.00329221,0.947672,0.0490361
1.76915e-06,2.12734e-06,0.999996
0.00184019,0.281504,0.716655
5.4227e-09,6.50666e-09,1
0.00491427,0.000425573,0.99466
0.266825,0.410107,0.323068
0.16597,0.654449,0.179581
1.09505e-07,1.31449e-07,1
0.00354463,0.0205698,0.975886
1.03101e-05,0.00208189,0.997908
6.42257e-05,0.00361624,0.99632
4.54378e-08,5.45432e-08,1
0.0484391,0.0897107,0.86185
3.33391e-14,1.66731e-14,1
3.3354e-14,1.66898e-14,1
3.33336e-14,1.66669e-14,1
3.3334e-14,1.66675e-14,1
3.33333e-14,1.66667e-14,1
3.82462e-14,2.50882e-14,1
3.34004e-14,1.6742e-14,1
4.1559e-09,4.97476e-09,1
5.11568e-10,2.56149e-10,1
2.54627e-14,3.00031e-14,1
2.45693e-14,2.9407e-14,1
1.04925e-12,7.36077e-13,1
1.06955e-06,7.74976e-07,0.999998
2.56757e-14,3.01389e-14,1
1.02166e-05,0.942266,0.0577236
2.44262e-14,2.93076e-14,1
3.73684e-14,2.27077e-14,1
2.44187e-14,2.93024e-14,1
3.33693e-14,1.6707e-14,1
3.33333e-14,1.66667e-14,1
3.33333e-14,1.66667e-14,1
3.33333e-14,1.66667e-14,1
2.44186e-14,2.93024e-14,1
2.49123e-14,2.96408e-14,1
1.83455e-10,2.20151e-10,1
4.11644e-07,4.93577e-07,0.999999
2.44186e-14,2.93023e-14,1
2.44186e-14,2.93023e-14,1
2.4419e-14,2.93026e-14,1
2.44186e-14,2.93023e-14,1
6.78486e-14,8.14183e-14,1
2.44186e-14,2.93023e-14,1
1.77383e-05,0.00378139,0.996201
0.000341025,0.128619,0.87104
3.21455e-08,3.79692e-08,1
1.61668e-09,1.94005e-09,1
0.000463795,0.103664,0.895873
0.00427476,0.994749,0.000975945
0.000256261,0.010281,0.989463
0.000118448,0.00768142,0.9922
0.000326279,0.0271071,0.972567
3.20448e-09,3.84234e-09,1
2.50947e-14,2.97627e-14,1
7.99546e-13,9.59456e-13,1
4.64993e-09,5.5805e-09,1
4.12085e-06,0.00287377,0.997122
1.17367e-06,1.41076e-06,0.999997
0.00101288,0.148789,0.850199
0.0607456,0.933195,0.00605925
0.639797,0.0744036,0.285799
6.44174e-10,0.999998,2.0632e-06
0.0317022,0.965455,0.0028424
0.00164449,0.983121,0.0152345
0.000173115,0.764806,0.235021
0.124641,0.673107,0.202252
0.000126802,0.460859,0.539014
0.000697717,0.831307,0.167995
0.000382046,0.00536481,0.994253
7.68001e-10,9.21615e-10,1
4.12015e-10,2.11848e-10,1
0.000667713,0.00227783,0.997054
6.68822e-08,8.02888e-08,1
2.66744e-06,0.00208439,0.997913
4.22478e-08,5.07135e-08,1
2.70691e-09,3.24828e-09,1
0.00192981,0.175453,0.822617
0.000143151,0.986526,0.0133309
4.80541e-07,5.77193e-07,0.999999
9.97509e-06,0.00180178,0.998188
1.62503e-05,0.712386,0.287598
0.000748444,0.948954,0.0502973
1.05506e-06,1.26697e-06,0.999998
0.218781,0.492604,0.288615
0.051056,0.530639,0.418305
1.35274e-05,0.998045,0.0019416
0.00484879,0.945752,0.0493992
0.000180161,0.0197232,0.980097
3.03488e-06,0.958271,0.0417261
4.57316e-05,0.992474,0.00748029
1.99819e-05,0.133598,0.866382
9.73013e-11,1.16763e-10,1
2.44186e-14,2.93023e-14,1
2.44186e-14,2.93023e-14,1
1.14537e-08,1.37425e-08,1
2.44186e-14,2.93024e-14,1
2.44186e-14,2.93023e-14,1
7.31025e-10,8.77266e-10,1
0.00849179,0.00041259,0.991096
0.000259126,0.41926,0.580481
0.291617,0.422669,0.285715
0.078696,0.909387,0.0119168
0.281787,0.536269,0.181944
4.73521e-08,0.999767,0.000232873
0.000100861,0.988786,0.0111133
0.0052733,0.207093,0.787634
0.000425525,0.0315264,0.968048
2.40463e-05,0.00704948,0.992926
0.000252754,0.858883,0.140864
0.0738308,0.383762,0.542407
1.08005e-09,1.23368e-09,1
1.5921e-06,1.00366e-06,0.999997
9.86135e-09,4.95999e-09,1
5.38743e-05,0.0106525,0.989294
2.08643e-13,2.50318e-13,1
3.54981e-14,4.25749e-14,1
1.08324e-07,1.29863e-07,1
1.32738e-12,1.59286e-12,1
7.75283e-05,0.162306,0.837616
6.80374e-06,0.00370915,0.996284
2.44186e-14,2.93023e-14,1
1.62265e-08,1.94756e-08,1
2.04469e-10,2.45367e-10,1
5.69804e-09,5.38434e-09,1
1.0733e-09,1.26353e-09,1
2.87201e-05,0.994054,0.00591683
5.99899e-06,0.720908,0.279086
0.000125908,0.987403,0.0124714
2.59176e-05,0.994356,0.00561841
0.000312075,0.0172387,0.982449
3.01297e-09,3.61577e-09,1
2.64427e-08,3.17208e-08,1
1.47564e-11,1.56677e-11,1
7.86803e-11,9.44158e-11,1
4.68831e-12,5.62592e-12,1
2.44186e-14,2.93023e-14,1
4.06344e-12,4.87608e-12,1
0.00407792,0.000580431,0.995342
7.89387e-06,0.996911,0.00308115
0.00036329,0.0288362,0.9708
3.2756e-06,3.94168e-06,0.999993
0.000568604,0.0326164,0.966815
2.2231e-06,0.063283,0.936715
1.56922e-05,0.00545069,0.994534
0.00541822,0.218088,0.776494
7.29708e-07,0.999111,0.000888628
0.00539261,0.914099,0.0805082
0.000134021,0.2298,0.770066
3.83035e-05,0.161121,0.838841
0.00035749,0.0553331,0.944309
8.86924e-07,1.06586e-06,0.999998
2.61861e-06,0.00181779,0.99818
0.000638523,0.363001,0.636361
0.0109102,0.786698,0.202392
0.113578,0.632477,0.253944
0.000131542,0.405511,0.594357
0.00071534,0.0420253,0.957259
6.12943e-10,7.35549e-10,1
3.20763e-09,3.68197e-09,1
1.88712e-05,0.707704,0.292277
7.20978e-05,0.00926607,0.990662
2.47504e-07,2.97234e-07,0.999999
2.44188e-14,2.93025e-14,1
2.44186e-14,2.93023e-14,1
6.68775e-12,8.02532e-12,1
2.44187e-14,2.93024e-14,1
2.44186e-14,2.93023e-14,1
2.44186e-14,2.93023e-14,1
2.44186e-14,2.93023e-14,1
2.44186e-14,2.93023e-14,1
2.44186e-14,2.93023e-14,1
2.44186e-14,2.93023e-14,1
2.44186e-14,2.93023e-14,1
4.3374e-10,5.20505e-10,1
4.62663e-11,5.55201e-11,1
0.000275054,0.208253,0.791472
4.16511e-07,5.00313e-07,0.999999
3.33486e-14,1.66838e-14,1
3.33333e-14,1.66667e-14,1
3.33333e-14,1.66667e-14,1
3.33333e-14,1.66667e-14,1
3.33338e-14,1.66672e-14,1
3.33333e-14,1.66667e-14,1
3.33333e-14,1.66667e-14,1
3.33333e-14,1.66667e-14,1
3.33333e-14,1.66667e-14,1
3.33333e-14,1.66667e-14,1
3.33333e-14,1.66667e-14,1
3.33333e-14,1.66667e-14,1
3.33333e-14,1.66667e-14,1
3.33333e-14,1.66667e-14,1
3.33333e-14,1.66667e-14,1
3.33333e-14,1.66667e-14,1
3.33333e-14,1.66667e-14,1
3.33333e-14,1.66667e-14,1
3.33333e-14,1.66667e-14,1
3.33333e-14,1.66667e-14,1
3.33333e-14,1.66667e-14,1
2.66945e-14,3.07538e-14,1
5.0734e-06,0.0643025,0.935692
8.35612e-05,0.0133584,0.986558
2.29694e-10,2.75639e-10,1
2.44186e-14,2.93023e-14,1
2.4561e-14,2.94013e-14,1
3.54643e-14,3.28359e-14,1
3.69771e-14,3.20729e-14,1
3.36797e-14,1.70613e-14,1
3.07329e-14,3.25609e-14,1
3.37164e-14,1.71039e-14,1
2.49078e-14,2.96378e-14,1
2.44474e-14,2.93224e-14,1
3.33653e-14,1.67025e-14,1
3.85951e-14,2.67795e-14,1
3.36432e-14,1.7019e-14,1
3.33334e-14,1.66668e-14,1
3.05591e-07,1.52934e-07,1
0.00819112,0.0630415,0.928767
0.331784,0.337712,0.330504
4.29495e-07,2.14933e-07,0.999999
0.00398354,0.034562,0.961454
0.000677595,0.0397552,0.959567
5.56178e-05,0.00405988,0.995885
1.47096e-09,7.35513e-10,1
4.35951e-06,2.18518e-06,0.999993
0.324577,0.331685,0.343737
1.9269e-07,0.999529,0.00047067
1.99491e-07,0.999999,3.38953e-07
0.0593723,0.931963,0.00866518
0.333113,0.332014,0.334873
0.135653,0.240291,0.624056
0.066227,0.165663,0.76811
0.219867,0.278921,0.501212
7.02958e-08,3.51349e-08,1
0.00340364,0.0109355,0.985661
0.000985974,0.0298008,0.969213
0.000415387,0.0631658,0.936419
0.206513,0.588532,0.204955
0.108868,0.865808,0.0253237
0.416676,0.259945,0.323379
0.419031,0.3069,0.274069
0.331149,0.348283,0.320568
0.32658,0.332535,0.340885
0.984699,0.000759223,0.0145418
0.312974,0.400334,0.286692
0.334848,0.332192,0.33296
0.953386,0.00586345,0.0407509
0.998921,1.1898e-05,0.00106732
0.998413,2.37992e-05,0.00156295
0.993038,0.00028479,0.00667769
0.27777,0.307227,0.415003
0.872747,0.103368,0.0238844
0.912233,0.0875069,0.000260263
0.332737,0.391971,0.275292
0.159229,0.831905,0.00886658
0.00155529,0.985661,0.012784
0.210874,0.488603,0.300524
0.848637,0.0364204,0.114942
0.868554,0.024821,0.106625
0.999214,8.81788e-06,0.000777275
0.996979,3.61724e-05,0.0029851
0.311112,0.319823,0.369065
0.755437,0.0675331,0.17703
0.998492,0.00150747,9.92117e-07
0.987652,0.00330203,0.00904637
0.995248,0.00128459,0.00346693
0.957522,0.0129065,0.0295718
0.944818,0.0106009,0.0445808
0.690257,0.0897276,0.220015
0.3176,0.682204,0.000196207
0.677139,0.106372,0.216489
0.383049,0.295471,0.32148
0.353868,0.315787,0.330345
0.0414268,0.938735,0.0198386
0.0948732,0.887913,0.0172141
0.124896,0.767249,0.107855
0.238826,0.349059,0.412115
0.129191,0.381692,0.489117
0.999732,6.94324e-06,0.000260661
0.769258,0.0724507,0.158291
0.999313,1.01807e-05,0.000676652
0.999911,7.20895e-05,1.72729e-05
0.997955,0.00204393,5.84528e-07
0.999711,7.33884e-05,0.000215747
0.86132,0.136619,0.00206074
0.88311,0.108312,0.00857735
0.949261,0.0121449,0.0385939
0.159266,0.82872,0.0120146
0.828052,0.117421,0.0545276
0.999641,0.000286541,7.26234e-05
0.969313,0.0306061,8.05815e-05
0.99045,0.00193015,0.00761968
0.170069,0.829838,9.25972e-05
0.260102,0.739897,1.5166e-07
0.0590483,0.940874,7.74824e-05
0.984737,0.00738449,0.00787843
0.990215,0.00381597,0.00596941
0.961709,0.0366418,0.00164893
0.944148,0.00582948,0.0500229
0.723348,0.186724,0.0899283
0.444934,0.389454,0.165612
0.697655,0.115878,0.186467
0.996898,0.00310007,1.61954e-06
0.997226,0.00025046,0.00252393
0.99026,0.00795184,0.00178834
0.777157,0.115447,0.107397
0.627768,0.00879603,0.363436
0.653827,0.067917,0.278256
0.99009,5.98039e-05,0.00985002
0.99123,0.000589162,0.00818077
0.986268,0.00232592,0.0114061
0.999923,1.23526e-07,7.69011e-05
0.999931,5.5074e-08,6.88559e-05
0.9967,0.00075518,0.00254467
0.998396,7.40374e-05,0.00153031
0.774856,0.00251424,0.22263
0.00633818,0.0165596,0.977102
2.66398e-07,1.33069e-07,1
1.2395e-10,6.1974e-11,1
3.33333e-14,1.66667e-14,1
2.88423e-06,3.46116e-06,0.999994
0.000252713,0.0238528,0.975894
8.89562e-06,0.00109476,0.998896
0.0146752,0.717412,0.267913
0.554987,0.135409,0.309605
6.64067e-05,0.780655,0.219279
0.029398,0.50948,0.461121
0.214682,0.203697,0.58162
0.00177994,0.988867,0.00935269
0.00231919,0.946542,0.0511385
0.00976567,0.965731,0.0245033
0.0372403,0.962754,5.49556e-06
0.45361,0.545971,0.000419727
0.849125,0.150872,3.03206e-06
0.00311555,0.978248,0.018636
0.0398215,0.874267,0.0859111
0.663405,0.295977,0.0406185
0.968788,0.0256685,0.00554332
0.0778348,0.338766,0.583399
0.528866,0.192918,0.278217
0.342822,0.576768,0.0804103
0.309259,0.376073,0.314668
0.000660801,0.940051,0.0592881
0.477363,0.121192,0.401445
0.0616634,0.0253317,0.913005
2.31763e-06,1.15555e-06,0.999997
3.00442e-11,1.5032e-11,1
8.37791e-08,5.69549e-08,1
0.000125515,0.00613101,0.993743
0.000690297,0.214824,0.784485
0.305344,0.504216,0.19044
2.02716e-05,0.995029,0.00495034
7.20968e-08,0.999706,0.000294094
0.0915823,0.908367,5.02329e-05
1.0698e-05,0.996459,0.00352989
0.0143016,0.985346,0.000352464
0.00589793,0.108418,0.885684
0.872076,0.0212782,0.106646
0.937858,0.0018705,0.0602714
0.931068,0.00791925,0.0610129
0.0716257,0.0115141,0.91686
3.01274e-06,1.51266e-06,0.999995
0.162156,0.0724175,0.765426
0.346553,0.340342,0.313105
3.77291e-06,0.997924,0.00207248
6.51768e-05,0.991159,0.00877574
0.0220948,0.977755,0.000149775
0.0313937,0.968171,0.000435819
0.996106,6.42198e-05,0.00382935
0.394673,0.605323,3.6296e-06
0.979574,0.00762647,0.0127997
0.981917,0.00755612,0.0105265
0.129017,0.856019,0.0149632
0.00401294,0.980926,0.0150612
0.06128,0.804139,0.134581
0.314383,0.395821,0.289797
0.00168294,0.998185,0.000132017
0.0182609,0.868966,0.112773
0.250301,0.222727,0.526972
0.673132,0.292663,0.0342055
2.0433e-07,0.99997,2.98172e-05
0.0627489,0.869349,0.0679023
0.869952,0.0464455,0.0836025
0.995402,0.00377841,0.000819237
0.964475,0.0354658,5.96076e-05
0.947662,0.0444149,0.00792343
0.987191,0.0110675,0.0017411
0.479562,0.519704,0.000733937
0.00562061,0.994249,0.000130509
4.13867e-09,0.999968,3.19782e-05
4.08839e-10,0.99999,1.0187e-05
2.6516e-08,0.999918,8.15059e-05
0.10154,0.894696,0.00376337
8.23311e-07,0.999972,2.69764e-05
0.999496,0.000377478,0.000126442
0.970801,0.0100684,0.0191301
0.603505,0.0217275,0.374767
0.0834034,0.166773,0.749824
0.00902371,0.983777,0.00719973
0.963903,0.00544116,0.0306563
0.00181555,0.968697,0.0294872
0.000311806,0.990704,0.00898437
0.831112,0.168016,0.000872378
0.975226,0.0209373,0.00383654
0.474945,0.0693925,0.455663
0.863149,0.0263351,0.110516
0.328007,0.327131,0.344862
0.321732,0.325608,0.35266
0.6087,0.166475,0.224825
0.937818,0.0064258,0.0557564
0.0433032,0.955795,0.000902048
150- 152: wrong sized packet: 49
1.36461e-06,0.999928,7.07559e-05
0.00146326,0.998416,0.000121029
0.000213282,0.991713,0.00807376
0.034843,0.957375,0.00778198
0.980784,0.00234637,0.0168696
0.520196,0.128885,0.350919
0.723231,0.0641166,0.212652
0.373183,0.196028,0.430789
0.371736,0.285392,0.342871
0.242155,0.622135,0.13571
0.198966,0.563094,0.237939
0.217908,0.711368,0.0707237
0.91222,0.0729668,0.014813
0.348523,0.563833,0.0876431
1.83662e-10,9.18288e-11,1
3.33333e-14,1.66667e-14,1
3.33333e-14,1.66667e-14,1
3.33333e-14,1.66667e-14,1
3.33333e-14,1.66667e-14,1
3.33333e-14,1.66667e-14,1
3.33333e-14,1.66667e-14,1
6.95571e-06,0.00115362,0.998839
0.284775,0.290074,0.425151
0.577992,0.148406,0.273602
0.166203,0.0833234,0.750474
0.856775,0.0279415,0.115283
0.315313,0.282237,0.402451
0.216236,0.0102744,0.773489
0.0956803,0.904083,0.000236215
0.161914,0.825724,0.0123621
0.929076,0.0708445,7.97945e-05
0.195441,0.802162,0.00239757
0.308056,0.677979,0.0139657
0.656525,0.339005,0.0044694
0.998113,1.39425e-05,0.00187282
0.589972,0.154675,0.255353
0.999999,1.01551e-06,1.33749e-07
0.331092,0.342848,0.32606
0.207065,0.284679,0.508256
0.00811701,0.000241517,0.991641
6.08017e-07,3.03966e-07,0.999999
0.850751,0.0111187,0.13813
3.47779e-06,1.74395e-06,0.999995
0.989945,0.00855069,0.00150474